-0.269143
0.974272
1.368166
0.246698
0.558930
4.277264
-0.414757
2.300870
-3.244869
-0.423091
0.394383
0.783099
0.798440
0.911647
0.197551
0.335223
0.768230
0.277775
0.553970
0.477397
0.628871
0.364784
0.513317
0.952146
0.916113
0.635630
0.717297
0.141603
0.606969
0.016301
0.242887
0.137232
0.804177
0.156679
0.400944
0.129790
0.108809
0.998924
0.218257
0.512932
0.839112
0.612640
0.296032
0.637552
0.524278
0.493558
0.972733
0.291841
0.760564
0.552769
0.799649
0.435970
0.890252
0.323156
0.387929
0.846350
0.912937
0.068985
0.948936
0.525615
0.085952
0.192214
0.663227
0.890233
0.348893
0.064171
0.020023
0.457702
0.063096
0.246229
0.979063
0.896515
0.835768
0.249477
0.512640
0.342901
0.673906
0.455183
0.584522
0.474280
-0.058223
0.255094
0.832713
0.826051
0.557316
0.178875
0.669888
0.616910
0.341435
0.685279
0.165572
0.440087
0.880075
0.829201
0.330337
0.228968
0.893372
0.328475
0.642282
0.872508
0.507541
0.531180
0.792940
0.408107
0.821020
0.235574
0.672769
0.561915
0.816089
0.501121
0.153912
0.730452
0.574636
-0.076766
0.815701
0.503544
0.241402
0.588499
0.205243
0.778871
0.302629
0.447034
0.226107
0.187533
0.276182
0.528082
0.353961
-0.017176
0.866798
0.147468
0.135815
0.463351
0.588328
0.698363
0.615815
0.622382
0.364874
0.677001
0.381273
0.511197
0.362264
0.458984
0.275681
0.235170
0.569958
0.129482
0.620574
0.017659
0.734249
0.074486
0.950104
0.052529
0.521488
0.146221
0.155259
0.706414
0.620755
0.500951
0.817845
0.345045
0.775437
0.201669
0.378861
0.848518
0.559798
0.532655
0.680739
0.764583
0.776443
0.720083
0.703526
0.173346
0.488675
0.876387
-0.127223
0.681247
0.081597
0.995872
0.054058
0.870099
0.065054
-0.010556
0.745954
0.398772
0.019315
-0.055854
0.078083
0.593604
0.605922
0.360028
0.280261
0.658382
0.349183
0.662409
0.233048
0.717428
0.600794
0.096355
0.860541
0.372820
0.975273
0.656800
0.384521
-0.363064
0.601108
0.824085
0.925376
0.871871
0.819803
0.922921
0.528343
0.670432
0.809320
0.432386
0.462224
0.343785
0.662285
0.616186
0.330056
0.757428
0.910764
0.750983
0.280452
0.893935
0.708887
0.615195
0.596175
0.359548
0.597670
0.404831
0.589383
0.227233
0.844788
0.271745
0.585996
0.718470
0.104139
0.422781
0.378082
0.434344
0.374789
0.128409
0.589268
0.325639
0.309796
0.414845
0.481951
0.605825
0.376722
0.751400
0.785020
0.921444
0.641408
0.769856
0.325764
0.778491
0.333180
0.527665
0.839324
0.423827
0.549172
0.341026
0.184622
0.607480
0.657951
0.721051
0.269335
0.462592
0.225017
0.598471
0.654585
0.794824
0.427609
0.589736
0.483790
0.522109
0.605998
0.705491
0.724065
0.681597
0.691339
0.736980
0.528162
0.460549
0.491858
0.890426
0.547442
0.156350
0.061439
0.974223
0.003578
0.825659
0.367130
0.218200
0.385478
0.875965
0.807225
0.525208
0.585169
0.357974
0.711797
0.523549
0.385074
0.695107
0.476656
0.375861
0.402497
0.890843
0.653112
0.600881
0.738382
0.703473
0.770882
0.762705
0.546186
-0.047397
0.134290
0.855873
0.492399
0.501945
0.847393
0.453745
0.243799
0.228728
0.626941
0.654531
0.158036
0.752261
0.452764
0.521034
0.581619
0.047967
0.322883
-0.026839
0.238259
0.358643
0.597488
0.434118
0.548548
0.715209
0.634501
1.281178
1.167402
0.300156
0.186064
0.392570
0.658831
0.613481
0.257961
0.137706
0.106570
0.340648
0.680670
0.433512
0.360306
0.472808
0.142373
0.548192
0.594150
0.546340
0.098142
-0.009899
0.027764
0.005768
0.249423
0.775317
0.651850
0.602925
0.264620
1.026634
0.970823
0.780227
0.310135
0.243663
0.326013
0.734039
0.642066
0.957544
0.382161
1.079981
0.447684
0.746194
0.388436
0.932625
0.635311
0.322042
0.230648
0.800800
-0.053591
-0.824505
-0.157921
0.382732
0.394372
0.132746
0.378062
1.037039
0.403694
0.714633
0.926197
0.317760
0.602381
0.808357
0.131680
0.051504
0.053379
0.368417
0.704986
0.811310
0.886268
0.659233
0.861456
0.404997
0.576198
0.804807
0.604852
0.444424
-0.049765
-0.325039
-0.040018
0.249378
0.294230
0.489973
0.541891
0.266226
1.163275
0.694840
0.633866
0.881540
0.155587
0.481040
0.225468
0.826767
0.289355
0.265200
0.700923
0.415792
0.847905
1.008661
0.606661
0.472014
0.770526
0.422400
0.302685
-0.087851
-0.659677
-0.005324
0.104608
0.255712
0.318705
0.744480
0.453512
0.384330
0.624814
0.798189
0.591862
0.243273
0.356022
0.519852
0.154723
0.555314
0.007937
0.262979
0.601841
0.683688
0.853753
0.638041
0.851294
0.772156
0.869025
0.668726
0.689944
-0.298461
-0.455011
0.558018
-0.008988
0.533536
0.501523
0.402299
0.694411
0.847487
0.663546
0.608563
0.736206
0.757311
0.603494
0.180071
0.032893
0.062183
0.678252
0.087706
0.684792
0.836862
0.626617
0.343894
0.429458
0.817733
0.576379
0.555614
0.706255
-0.506497
-0.224334
0.243611
0.525017
0.519199
0.513016
0.501909
0.408560
0.493961
0.554607
0.831185
0.598602
0.767871
0.129074
0.415288
0.706066
0.867630
0.531997
0.519790
0.720276
0.443332
0.625127
0.748701
0.919250
0.644186
0.775484
0.677939
0.330069
0.161873
0.104071
0.057085
0.583270
1.092731
0.615687
0.410064
0.524244
0.735949
0.735951
0.648333
0.538849
0.223206
0.583038
0.468645
0.166954
0.823507
0.855346
0.689511
0.656816
0.425125
0.655494
0.392763
0.377404
0.565165
0.426033
0.610049
0.484073
0.286117
0.236057
0.635111
0.526622
0.130983
0.304903
0.525279
0.023081
0.818695
0.397552
0.601683
0.250678
0.099346
0.409166
0.246780
0.406767
0.045333
0.707818
0.408498
0.732374
0.845711
0.461893
0.631881
0.834617
0.549038
0.815756
1.086345
0.972608
0.375802
0.169232
0.595504
0.698285
0.526909
0.304346
0.412355
0.618205
0.644351
0.774827
0.549338
0.667782
0.303268
0.540007
0.219132
0.477551
0.949679
0.467284
0.710518
0.616383
0.291499
0.622818
0.702628
0.372379
0.623997
0.549661
0.859721
0.628386
0.336551
0.103572
0.366531
0.588438
0.384526
0.279554
0.357555
0.096481
0.391455
0.646142
-0.010296
0.581835
0.851194
0.162274
0.373577
0.199003
0.646391
0.571333
0.514962
0.367225
0.302833
0.545959
0.534193
0.319227
0.150190
0.569227
0.658636
1.255022
0.835941
0.705543
0.774687
0.679927
0.322467
0.470891
0.359379
0.865681
0.552921
0.713136
0.169252
0.242925
0.875217
0.417215
0.899453
0.747638
0.475806
0.271059
0.839227
-0.183327
0.722672
0.674497
0.539407
0.936098
0.778352
0.853371
0.624859
0.711147
0.879440
0.567037
0.381967
0.618466
0.924760
0.155390
0.004384
0.009331
0.405309
0.630217
0.844269
0.017124
0.603932
0.067698
0.393746
0.496431
0.436585
0.290656
0.237009
0.813365
0.425608
0.128434
0.176568
0.400164
0.704180
0.710255
0.381502
0.996362
0.201179
0.699054
0.181903
0.496743
0.439092
0.034767
0.631236
0.367709
0.171235
-0.086491
0.691470
0.785831
0.695135
0.681922
0.904187
0.312940
0.752479
0.297929
0.809364
0.187482
0.571201
0.015777
0.089538
0.090213
0.124205
-0.158720
0.144304
-0.491096
0.348997
0.567411
-0.336304
0.457222
0.043357
-0.002313
0.376168
0.063500
0.460173
0.409389
0.769768
0.916303
0.526523
0.582250
0.729398
0.225236
0.264172
0.633585
0.537348
0.015793
0.925467
0.327581
0.184268
0.468449
0.303016
0.198058
0.582037
0.585824
0.347969
0.170666
0.550519
0.186998
0.108882
0.665070
0.240502
0.638418
-0.050276
0.819837
0.829161
0.600579
0.321478
0.667960
0.526830
0.848000
0.250210
0.256228
0.073236
0.514372
0.889765
0.611216
0.530828
0.820968
0.958061
0.735345
0.341528
0.356763
0.036265
0.017250
0.000323
0.483820
0.290657
0.706463
0.813698
0.502002
0.439213
0.055403
0.169053
0.483648
0.923381
0.043395
0.084411
0.711355
0.611241
0.092858
0.961565
0.867469
0.166094
0.475947
0.757282
0.777505
0.006980
0.578613
0.736462
0.743724
0.922569
0.096404
0.787642
0.946435
0.101480
0.274897
0.239321
0.809743
0.095043
0.746730
0.277214
0.173301
0.937714
0.760862
0.096681
0.981109
0.845273
0.341540
0.692463
0.456514
0.434398
0.654029
0.323878
0.600387
0.129789
0.080955
0.377792
0.136795
0.659736
0.157346
0.920797
0.614561
0.200008
0.667779
0.528879
0.312336
0.943218
0.768202
0.122086
0.038265
0.514936
0.399300
0.211565
0.452650
0.160162
0.308247
0.433758
0.005435
0.649785
0.126219
0.461621
0.060193
0.747379
0.713973
0.570135
0.866228
0.872117
0.384232
0.305743
0.777609
0.301478
0.989750
0.125167
0.412401
0.585327
0.631741
0.696693
0.536960
0.406480
0.822426
0.577678
0.921551
0.221726
0.796243
0.381200
0.381730
0.092391
0.806117
0.363624
0.657971
0.808432
0.512479
0.454262
0.518381
0.558912
0.721216
0.645997
0.631936
0.380890
0.571279
-0.048898
0.628551
0.516577
0.049887
0.058328
0.126148
0.728943
0.819524
0.735311
0.184025
0.666707
0.319972
0.112132
0.932887
0.167388
0.524655
0.358982
0.255153
0.399919
0.684811
0.863247
0.168849
0.585845
0.783669
0.853736
0.432012
0.380025
0.445386
0.358335
0.621825
0.238196
0.622754
0.540020
0.660006
0.603614
0.728244
0.008525
0.590407
0.617582
0.770716
0.795176
0.378151
0.186637
0.955689
0.126300
0.050901
0.106796
0.077865
0.324865
0.321793
0.388709
0.500404
0.766381
0.510669
0.213406
0.884414
0.667666
0.505711
0.536605
0.555216
0.444439
0.627527
-0.037236
0.847320
0.412250
0.881232
0.674841
0.429452
0.447120
0.400196
0.159732
0.208197
0.483630
0.213332
0.167606
0.606178
0.123589
0.145904
0.231986
0.422226
-0.172387
0.026957
0.329041
0.110036
0.717084
0.278443
0.899683
0.609999
0.764669
0.261459
-0.013052
0.947695
0.772301
0.112963
0.848661
0.179047
0.959440
0.529499
0.633720
0.487971
0.539995
0.545055
0.482026
0.133787
-0.016926
0.723006
0.175557
0.290645
0.406998
0.247872
0.134886
0.150088
0.322419
0.495825
0.571464
0.502394
0.136081
0.164337
0.056078
0.670823
0.438587
0.236359
0.640539
0.207217
0.350055
0.503769
0.347620
0.307488
-0.121022
-0.141679
0.393540
0.697028
0.766113
0.206435
0.329063
0.224824
0.454047
0.541058
0.632975
0.377360
0.507699
0.333704
0.228853
0.485118
0.090433
0.330310
0.743366
0.077585
0.866308
0.159323
0.775293
0.298288
0.353732
0.364047
0.332808
0.537151
0.743548
0.635786
0.144964
0.140631
-0.035162
0.342204
0.743386
0.546673
0.620935
0.648760
0.317835
0.254221
0.213913
0.091841
0.288837
0.193456
0.077790
0.128009
0.606530
0.520798
0.199804
0.803227
0.645186
0.056336
0.907104
0.386671
0.173317
0.063371
0.783007
0.630487
-0.047904
0.924482
0.453573
0.209389
0.820232
1.238590
0.685656
0.851550
0.653021
0.289136
0.194138
0.175355
0.090479
0.379165
-0.131530
0.335694
-0.144821
0.682593
0.359701
0.872028
0.285508
0.556938
0.629658
0.918115
0.443145
0.352817
0.172569
-0.157418
0.768878
0.380618
0.473223
0.085623
0.552700
1.348916
0.962987
0.306061
0.661464
0.426963
0.224570
0.604444
0.433698
-0.129959
0.630862
-0.034599
0.595055
0.154389
0.940458
0.675694
0.869969
0.253048
0.506687
0.122701
0.799603
0.049806
-0.062205
0.385538
0.662520
0.022395
0.188337
0.831921
1.142212
0.950342
1.297172
0.338535
0.382600
0.422872
0.419055
0.655492
0.552559
0.394324
0.597870
0.484341
0.360647
0.503594
0.698999
0.018358
0.650029
0.596707
0.699928
0.514974
0.896002
0.187858
0.693339
0.785042
0.243921
-0.047280
0.217526
0.600403
0.743495
1.058432
1.000567
0.734425
0.415544
0.455029
0.112397
0.086138
0.264177
0.721699
0.060132
-0.062944
0.113906
0.746265
0.530299
0.523745
0.246987
0.228250
0.557229
0.947283
0.800468
0.137677
0.447914
0.695762
-0.096288
-0.346708
0.237443
0.933138
0.832601
1.011359
0.930155
0.524477
0.694243
0.288914
0.017227
0.142924
0.514699
0.822252
0.422355
0.887370
0.659477
0.655614
0.984726
0.798706
0.389664
0.520593
0.339655
0.644624
0.635353
0.720498
0.570058
0.532118
-0.140588
0.553234
0.415635
0.545038
0.373456
1.288763
1.113283
0.467824
0.316734
0.151076
-0.243424
0.484954
0.205167
0.555302
-0.053025
0.764192
0.490933
0.531504
0.790393
0.126805
0.167638
0.780843
0.920941
0.551778
0.184275
0.009961
0.047188
0.371007
0.390929
0.526914
0.683468
0.222502
1.147340
1.340687
0.756866
0.364475
0.415192
-0.419273
0.203621
-0.003618
0.033317
0.676547
0.768328
0.292839
0.332946
0.843399
0.138963
0.854648
0.390447
0.932396
0.965707
0.525853
0.536906
0.594316
-0.074250
0.251172
0.233002
0.474497
0.205204
0.384701
0.774417
1.134888
0.211148
0.290634
0.247774
-0.044003
0.483480
0.359073
0.558884
0.139563
0.400406
0.556646
0.747923
0.279151
0.984111
0.247143
0.195693
0.127507
0.081933
0.512281
-0.260143
-0.093609
0.236138
0.798307
0.792609
0.230126
0.353723
0.461049
0.929774
0.947271
0.462027
0.176371
0.053898
0.673684
0.579807
0.318589
0.410277
0.775324
0.290719
0.619468
0.767930
0.788453
0.432584
0.693196
0.146080
0.378670
0.914085
0.215429
0.255341
0.205788
0.632540
0.438475
0.324431
0.231839
0.240872
0.556095
0.604769
0.502908
0.362142
0.489793
0.662390
0.564454
0.597162
0.527228
0.628170
0.765608
0.427035
0.711189
0.750750
0.742248
0.486811
0.374975
0.558195
0.821395
0.066359
0.701320
0.422481
0.591001
0.293444
0.495018
0.616149
0.884792
0.373398
0.508104
0.630106
0.505601
0.094500
0.511149
0.531928
0.682413
0.614134
0.881584
0.500994
0.883558
0.037470
0.873366
0.654914
0.397846
0.481417
0.087584
0.136740
0.909042
0.467793
0.648136
0.966197
0.927967
0.594313
0.661187
0.843734
0.271283
0.654214
0.478490
0.328367
0.266888
0.836396
0.622186
0.586026
0.357819
0.975063
0.561929
1.034797
0.303718
0.135038
0.844667
0.895514
0.036212
0.539584
0.332536
0.432807
0.001990
0.399678
0.573375
1.323645
1.224018
0.557809
0.729482
0.526015
0.228579
0.271918
0.296148
-0.092205
0.476563
0.726822
0.548652
0.598846
0.690903
1.129284
0.491380
0.539337
0.700138
0.458042
0.961661
0.837079
0.539678
0.635246
0.596952
0.544885
0.174726
0.865328
0.818291
0.470685
0.672579
0.708224
0.461917
0.477754
0.603332
0.547765
0.417393
0.388618
0.624164
0.471553
0.556292
1.007545
0.670690
0.340450
0.635146
0.259977
0.828005
0.455956
0.579593
0.697092
1.034860
0.473841
0.527017
0.501480
0.109086
0.085161
-0.027733
0.394282
0.252614
0.210158
0.466958
0.382401
0.470868
0.234582
0.492444
0.471346
0.345147
0.329376
0.621755
-0.084926
0.808913
0.359131
0.110528
0.766615
0.277512
0.427525
0.100729
0.328798
1.034537
0.756143
0.051685
0.992352
0.229984
0.575969
0.455766
0.224897
0.545374
0.321073
0.397468
0.432184
0.111894
-0.223672
0.035472
0.004121
0.390092
0.407423
0.101872
-0.028570
0.808654
0.171921
0.198406
0.691715
0.571947
0.310365
0.546287
0.946791
0.793733
0.690502
0.276120
0.792995
0.446645
0.325662
0.781659
0.665822
0.865940
0.238282
-0.012157
0.543539
0.695627
0.516838
0.203610
0.184854
0.512849
0.346849
0.419365
0.418619
0.219739
0.941505
0.658492
0.198040
0.218942
0.944656
0.940837
0.825895
0.258257
0.488450
0.772706
0.052010
0.178952
0.048826
0.845002
0.625591
0.376461
0.630181
0.301741
0.282811
0.903005
0.311600
0.891720
0.700053
0.920134
0.253768
0.108829
0.694850
0.757040
0.606662
0.165002
0.011743
0.580047
0.843894
0.226811
0.815294
0.788590
0.167648
0.046847
0.656098
0.413894
0.098858
0.835050
0.462720
0.943863
0.460646
0.839351
0.574214
0.762871
0.122489
0.485158
0.082211
0.016303
0.214141
0.037406
0.269239
0.321982
0.735147
0.029011
0.931338
0.900163
0.040756
0.511386
0.744056
0.267567
0.326680
0.532647
0.435216
0.967868
0.579494
0.091310
0.381596
0.677186
0.883924
0.796499
0.573346
0.319789
0.657688
0.171827
0.129098
0.791414
0.750675
0.304890
0.867035
0.865676
0.254866
0.081324
0.206306
-0.000666
0.119353
0.146135
0.903394
0.160135
0.657522
0.647450
0.427702
0.984200
0.180057
0.862408
0.947674
0.722189
0.896028
0.309146
0.528446
0.943352
0.445409
0.525750
0.538072
0.770780
0.255505
0.452669
0.843603
0.796346
0.525768
0.365120
0.791688
0.883047
0.589308
0.065458
0.952690
0.699344
0.190501
0.822875
0.859479
0.847362
0.469209
0.284106
0.815786
0.695362
0.183863
0.870530
0.570972
0.634086
0.469592
1.238850
1.056851
0.236806
0.799478
0.396626
0.611442
0.384805
0.615128
0.725158
0.038617
0.273485
0.270882
0.869789
0.262956
0.896358
0.975380
0.153923
0.595960
0.163736
0.959224
0.405501
0.260947
0.599147
0.792383
0.786975
0.275085
0.874055
0.528441
0.758639
0.979137
0.534571
0.662842
0.826360
0.220448
0.234630
0.344430
0.286653
0.501862
0.737533
-0.028915
0.402501
0.223549
0.345987
0.460474
0.457171
0.243905
0.434874
0.671183
0.906288
0.813923
0.653148
0.145347
0.685557
0.556717
0.755575
0.661300
0.338430
0.750256
0.409200
0.657640
0.859879
0.485782
0.964498
0.683587
0.337025
0.210784
0.164685
0.221386
0.412750
0.010941
0.112904
0.216914
0.271468
0.467142
0.711002
0.872164
0.914611
0.213938
0.604410
0.356461
0.765739
0.219266
0.688350
0.255879
0.304348
0.472199
0.835606
0.283419
0.568909
0.455334
0.454086
0.468480
0.379102
0.591497
0.410346
0.409308
0.592284
0.720670
0.685478
0.673579
0.845525
0.821285
0.899241
0.320900
0.581105
0.632027
0.651037
0.595493
0.291977
0.374931
0.731819
0.589510
0.370563
0.688021
0.464343
0.380793
0.442112
0.185930
-0.029146
0.516064
0.403453
0.764330
0.565623
0.019933
0.104824
0.382664
0.734399
0.623043
0.291988
0.466302
0.325397
0.263760
0.385913
0.488715
0.370319
0.687394
0.688185
0.559644
0.764367
0.550089
0.350712
0.223868
0.867686
0.397981
0.531845
0.551428
0.266622
0.661795
0.330523
0.575668
0.427421
0.435226
0.102437
0.591350
0.666760
0.188555
0.257936
0.447113
0.808447
0.618395
1.013600
0.598987
0.886548
0.099899
0.316808
0.555560
0.611720
0.594377
0.117187
0.611491
0.173012
0.762424
0.618456
0.731770
0.706217
0.331342
0.363861
0.313983
0.584355
0.100385
0.405534
0.612310
0.702122
0.400763
0.518435
0.382139
0.583646
0.850061
0.783696
0.775270
0.490321
0.670535
0.676837
0.137944
0.611745
0.457608
0.441473
0.341727
0.549535
0.064685
0.477315
0.617852
0.284387
0.660532
0.984666
0.269371
0.249276
0.725347
-0.002915
0.313415
0.088925
0.117100
0.161351
0.770570
0.484645
0.575422
0.083048
0.321403
0.185307
0.152291
0.356671
0.144310
0.244985
-0.005704
-0.002521
-0.148622
0.028146
0.516002
-0.057178
0.498053
0.446056
0.284549
0.378101
0.415336
0.369306
0.410206
0.257861
0.719232
0.233776
0.425410
0.971046
0.247347
0.539914
-0.095214
-0.269983
-0.252182
0.159786
-0.346051
-0.133706
0.203354
-0.174905
0.212291
0.067870
0.323131
0.036672
-0.093622
0.066227
0.110558
0.224720
0.600712
0.708236
0.700306
0.396034
0.649326
0.684650
0.871399
0.355140
0.674241
0.964193
0.179154
0.045384
0.724650
0.159053
-0.038933
-0.509279
0.271006
-0.017054
0.471461
0.557471
0.232217
0.439981
0.518667
0.391785
0.264278
0.178494
0.331344
0.279261
0.309338
0.358873
0.625420
0.352591
0.398310
0.603276
1.116960
0.606981
0.543150
0.993752
0.056906
0.093537
0.912913
0.449323
0.339571
0.610295
0.345608
0.507278
0.556604
0.233352
0.243783
0.690576
0.598257
0.646838
0.448867
0.321952
0.509621
0.142473
0.346318
0.576392
0.358067
0.216824
0.246055
1.309471
1.037352
0.603554
0.975317
0.240916
0.157093
0.418520
0.440767
0.642028
0.936098
0.336116
0.640165
0.391715
0.193809
0.477888
0.599977
0.700480
0.438725
0.881760
0.408750
0.337303
0.195200
0.509632
0.463588
0.617914
0.369845
0.638727
0.450717
0.582712
0.736919
1.099861
0.255241
0.883299
0.654827
0.139723
0.266919
1.129954
0.924413
0.306028
0.253423
0.288769
0.746102
0.730047
0.443755
0.460603
0.932938
0.455296
0.656992
0.429732
0.806766
0.635807
0.536058
0.321470
0.644445
0.852565
0.861574
1.181421
1.531158
1.246558
0.895820
0.742802
0.103595
0.019958
0.717089
1.239546
0.558646
0.524075
0.551094
0.698648
0.441753
0.727842
0.973767
0.736732
0.536800
0.777321
0.235137
0.477324
0.674842
0.601266
0.456142
0.453302
0.671407
0.326147
0.691879
0.732674
1.114001
0.915536
0.628727
0.554386
0.980417
0.324395
0.398384
0.926003
0.560582
0.876193
0.653574
0.670243
0.647322
0.342650
0.785423
0.820861
0.657775
0.750669
0.698184
0.678778
0.630927
0.612883
0.516584
0.719147
0.392990
1.123552
0.522339
1.047154
0.992445
0.365020
0.319608
0.349705
0.502972
0.758422
0.843319
0.955555
0.653018
0.881229
0.722048
0.880130
0.531999
0.861129
0.587974
0.660796
0.480525
0.658746
0.637353
0.726273
0.510730
0.539684
0.319855
0.327365
0.976577
0.983842
0.835772
0.885053
0.956062
1.003031
0.787863
0.140684
0.882676
0.134699
0.468441
0.813174
0.906978
0.743045
0.690063
0.588029
0.814249
0.406648
0.893756
0.675469
0.490283
0.723811
0.376953
0.723273
0.828633
0.500594
0.670836
1.006120
0.674220
1.037659
0.583724
0.949039
0.969891
0.645088
0.408172
0.527529
0.294507
0.273310
0.598818
0.555625
0.589206
0.745955
0.646279
0.838772
0.709801
0.667656
0.439305
0.478180
0.299790
0.596956
0.756173
0.455143
0.375986
0.521412
0.849192
0.339929
0.495676
0.689838
0.939159
0.870469
0.219713
0.079121
0.566799
0.784638
0.494041
1.057277
0.410002
0.846684
0.511142
0.914305
0.828193
0.686950
0.302700
0.540221
0.466612
0.777479
0.192366
0.652340
0.441890
0.464170
0.591336
0.773803
1.067440
0.848287
0.738871
0.660203
1.125103
0.867155
0.643820
0.535967
0.326456
0.614859
0.567302
0.926959
0.372417
0.373964
0.833638
0.732359
0.685866
0.460488
0.917240
0.739229
0.574322
0.429039
0.516148
0.026923
0.621816
0.409488
0.470236
0.652765
0.497563
0.634454
0.523816
0.892016
0.994253
0.392806
1.061933
0.654240
0.991090
0.486648
0.264793
0.313699
-0.005068
0.662103
-0.078081
0.304588
0.532178
0.115027
0.194049
0.360491
0.264151
0.891286
0.396003
0.355170
0.552861
0.450574
0.643329
0.596431
0.977131
0.389841
0.693949
0.759134
0.648006
1.040598
0.707886
0.554094
0.260963
0.545356
0.213094
0.251980
0.013359
0.400987
0.425195
0.039670
0.114566
0.463969
0.231934
-0.174190
0.465430
0.468219
0.724553
0.778154
0.747307
0.523411
0.473072
0.539533
0.510191
-0.086869
0.767013
0.240850
0.351834
0.699320
0.317038
0.085500
0.628191
0.852391
0.558287
0.889154
0.397645
0.770887
0.138814
0.408157
0.226052
0.682460
0.531207
0.539771
0.450574
0.147861
0.730696
0.295043
-0.020877
0.609915
0.240597
0.777300
0.264909
0.831081
0.390678
0.894499
0.990018
0.336501
0.374413
0.477323
0.024902
0.650757
0.522119
0.653093
0.503148
0.080404
0.542245
0.900883
0.851773
0.683431
0.330617
0.098069
0.391214
0.888775
0.655449
0.884972
0.093827
0.425158
0.236255
0.153263
0.149067
0.558853
-0.012551
0.425184
0.423699
0.419191
0.378966
0.420218
0.755693
0.897541
0.780595
0.404136
0.419660
0.433687
0.907284
0.500065
0.975934
0.808179
0.351851
0.659387
0.138826
0.452275
0.053018
0.032725
0.113197
0.939121
0.126812
0.538568
0.175496
0.280187
0.687766
0.734831
0.280593
0.125433
0.158607
0.699784
0.504399
0.578825
0.455477
0.257778
0.476366
0.236071
0.661914
0.896025
0.669754
0.569129
0.396013
0.644990
0.376665
0.746484
0.303376
0.513806
0.198352
0.356700
0.548709
0.313881
0.296267
0.667611
0.844495
0.466777
0.955938
0.540389
0.208175
0.236531
0.665822
0.366783
0.936315
0.170221
0.945607
0.391791
0.427786
0.421705
0.627427
0.085944
0.310074
0.313876
0.702673
0.754209
0.934175
0.024486
0.456237
0.188681
0.485785
0.630444
0.549995
0.109071
0.956478
0.886626
0.768406
0.828084
0.378314
0.733318
0.369946
0.586491
0.969849
0.035032
0.951505
0.904075
0.259971
0.968856
0.385007
0.752403
0.498255
0.812119
0.989763
0.963350
0.616861
0.797388
0.696367
0.569890
0.723657
1.022743
0.410997
1.143336
0.609272
0.041913
-0.011011
0.406426
0.922139
0.851188
0.284354
0.305560
0.584527
0.658275
0.928282
0.666242
0.841360
1.009276
0.819620
0.953194
0.704705
0.911459
0.867769
0.466654
1.057855
0.775663
0.775741
0.981675
0.413235
0.076771
0.523360
0.360623
0.729671
0.301277
-0.099229
0.281236
0.499018
0.102280
0.804396
0.439173
0.953683
0.093841
0.797448
0.677090
1.101464
0.733020
0.462487
0.661743
0.399584
0.470928
0.626818
0.462826
0.447281
0.612150
0.473325
0.751932
0.489423
0.733594
0.707737
0.679092
0.057609
0.592340
0.410759
0.682277
0.403255
0.831376
0.272170
0.979752
0.967651
0.073808
0.337719
0.851664
0.579531
0.513474
0.630236
0.762158
0.776923
0.730042
0.635568
0.763693
0.249206
0.579818
0.587265
0.280057
0.538120
0.447192
0.441363
0.111648
0.606650
0.293649
0.163741
0.557693
0.156348
0.192215
0.768985
0.732512
0.087147
0.081358
0.658928
1.099047
0.736375
0.578064
0.836751
0.628518
0.623733
0.625174
0.423599
0.455349
0.841847
0.648725
0.480502
0.447909
0.514478
0.256438
-0.000043
0.751121
0.473469
0.410522
0.352745
0.102979
0.841795
0.779122
0.328839
0.215582
1.015993
0.158013
0.834615
0.535895
0.772038
0.733534
0.100083
0.538473
0.670717
0.658359
0.498649
0.193281
0.347627
0.778023
0.638144
0.941047
0.574205
0.510017
0.658684
0.364873
0.490801
0.409766
0.384658
-0.213091
0.727782
0.654252
0.616148
0.779485
0.451432
1.023966
1.061725
1.019548
0.527327
1.076054
0.579248
0.504562
0.463870
0.260496
0.113263
0.302847
0.562274
0.544953
0.750777
0.769147
0.706641
0.826589
0.602984
0.462502
0.502532
0.547881
0.413761
0.132999
0.505630
0.883432
0.804294
0.395903
0.562221
0.483116
0.389672
0.781912
0.725190
0.430546
0.344455
0.663606
-0.017229
0.305840
0.070001
0.413241
0.560255
0.668105
0.288702
0.786470
0.517400
0.573083
0.548862
0.938818
0.620015
1.017209
0.622968
0.086105
0.255600
0.609432
0.155555
0.834060
0.517500
0.989812
0.499574
0.211133
0.334718
0.238155
0.282566
0.168640
0.299551
0.393439
0.117272
0.474817
0.445734
0.810886
0.775796
0.257351
0.608720
0.706928
0.582387
0.752364
0.468222
0.064741
0.499073
0.110538
0.059214
0.855278
0.865165
0.296828
0.477049
0.046201
0.405299
0.986810
0.654899
0.141942
0.194660
0.155842
0.187243
0.036998
0.527711
0.244368
0.900630
0.656173
0.816311
0.349235
0.379368
0.488479
0.391911
0.548958
0.525592
-0.134770
0.664003
-0.100620
0.386053
0.726853
0.467084
0.382337
0.583872
0.328231
0.855725
0.023237
0.133352
0.349755
0.097323
0.378551
0.517962
0.607271
0.459561
0.704840
0.919423
0.997306
0.369683
0.277434
0.489202
0.454949
0.658527
0.223726
0.471623
0.334040
-0.195503
0.556189
0.038309
0.920315
0.811652
0.411682
0.690022
0.319220
0.741831
0.185403
0.534645
0.126440
0.279715
0.626107
0.250428
0.254575
0.439845
0.627149
0.417270
0.276412
0.561507
0.439131
0.502406
0.621498
0.630763
0.556595
0.380589
0.401033
0.113443
0.679035
0.374400
0.111669
0.476465
0.460201
0.087190
0.366709
1.049862
0.753665
0.523306
0.273343
0.741765
0.097056
0.213430
0.273590
0.587399
0.282728
0.599658
0.579912
0.631081
0.063282
0.253138
0.494460
0.803815
0.463883
0.863270
0.858881
0.425883
1.083870
0.431121
0.319181
0.694335
0.923614
0.463021
0.271039
0.745408
0.708029
0.555349
0.356871
0.094157
0.189553
0.612820
0.311598
0.506035
0.428627
0.540860
0.524054
0.305067
0.207742
0.884295
0.825176
0.500444
0.385075
0.537289
0.622039
0.704908
0.652900
-0.112565
0.819960
0.548100
0.526450
0.203645
0.336911
0.956902
0.963714
0.654202
0.665719
-0.154917
0.394256
0.067350
0.164375
0.490939
0.224335
0.084874
0.164117
0.369873
0.295339
0.703244
0.623181
0.441682
0.313651
0.746046
0.847195
0.581180
0.456499
0.324852
0.228117
0.218989
0.566830
0.137390
0.864019
0.747131
0.947629
0.583616
0.609339
0.507218
0.491006
0.062752
0.148136
-0.005741
0.180940
0.294050
0.202189
0.728716
0.673161
0.698252
0.631166
0.961572
0.631553
0.684557
0.826877
0.347679
-0.066763
0.688559
0.858079
0.723412
0.468468
0.167925
0.968684
0.753288
1.119926
1.017493
0.429103
0.649955
0.669363
0.591610
0.211868
0.297974
0.108426
0.119067
0.423226
0.624943
0.721586
0.686935
0.543124
0.566711
0.255014
0.615809
0.968617
0.789868
0.537272
0.218335
0.213882
0.939591
0.220054
0.126038
0.619490
1.122719
0.792871
0.912888
0.794657
0.889442
0.640713
0.592125
0.219170
0.333222
0.314188
0.369547
0.477732
0.191341
0.764192
0.713670
0.586899
0.387273
0.814953
0.256996
0.585703
0.503718
0.731964
0.421181
0.737741
0.773281
0.809218
0.965357
0.704239
0.393240
0.803221
0.476513
0.818362
0.699004
0.281283
0.763853
0.643565
0.389373
0.328404
0.410385
0.501179
0.662534
0.445849
0.708763
0.417949
0.642611
0.553216
0.592450
0.410917
0.529987
-0.178196
0.455123
0.472193
0.007712
0.980092
0.209417
0.816619
1.057169
0.728099
0.321561
1.000131
0.421178
0.799620
0.312732
0.630974
0.124012
0.315962
0.481814
0.740968
0.548969
0.576431
0.570368
0.666084
0.644250
0.753415
0.550058
0.056984
0.757558
0.399463
0.527929
0.545806
0.614491
0.058759
0.013881
0.680559
0.455506
0.896534
0.808766
0.954750
0.475566
0.466081
0.559241
0.827906
0.620898
0.136155
0.476135
0.261917
0.475582
0.545398
0.709715
0.186666
0.524313
0.339567
0.676677
0.142073
0.038076
0.401224
0.902490
0.869887
0.023323
0.479315
0.407959
0.677003
0.903787
0.975992
0.701693
0.778837
0.684905
0.751577
0.671824
0.567767
0.742964
0.760229
0.972909
0.358070
0.578078
0.652942
0.500334
0.484024
0.597326
0.249522
0.640408
0.251624
0.676808
0.584468
0.613951
0.714672
0.078458
0.534025
0.580422
0.115549
0.030289
1.072664
0.932083
0.841346
0.881894
1.357527
0.845938
0.812582
1.007577
1.203967
0.788096
0.794312
0.732011
0.750952
0.639756
0.719903
0.686392
0.525267
0.277924
0.554244
0.636052
0.145621
0.854925
0.307017
0.751295
0.477943
0.021798
0.829754
0.009905
0.592679
0.962113
0.048418
0.640669
0.745073
0.656271
0.141023
0.798798
0.936454
0.239541
0.566519
0.421598
0.376448
0.613533
0.772062
0.825347
0.373631
0.680992
0.674215
0.637745
0.904320
0.243758
0.283321
0.050967
0.101735
0.590354
0.802262
0.579678
0.612144
0.632006
0.591544
0.214148
0.562264
0.612227
0.791943
0.220688
0.180479
0.792616
0.887288
0.883961
0.849922
0.235531
0.136339
0.001628
0.823700
0.968062
0.921589
0.163686
0.628840
0.585230
0.804596
0.533165
0.087917
0.584132
0.930723
0.678271
0.386394
0.510402
0.290423
0.018409
0.102048
0.504796
0.581960
0.719004
0.275922
0.782796
0.911692
0.114580
0.722097
0.811709
0.975807
0.961406
0.950930
0.979666
0.787003
0.919869
0.901503
0.950798
0.548708
0.486733
0.755394
0.081873
0.315721
0.843312
0.665874
0.237003
0.424545
-0.049811
0.654820
0.738048
0.022433
0.709148
0.131634
0.485649
0.482634
0.508991
0.342522
0.428477
0.693536
0.160241
0.264082
0.681199
0.113726
0.232639
0.697616
0.939920
0.173089
0.599119
0.890718
0.721797
0.085755
0.639031
0.796393
0.391632
0.374885
0.318792
0.450081
-0.171178
0.309483
-0.017938
0.439070
0.294869
0.078748
-0.022304
0.046194
0.671649
0.606642
0.574782
0.255874
0.424153
0.824932
0.581424
0.217199
0.058580
0.887748
0.924097
0.999412
0.060836
0.523119
0.879392
0.773837
0.598770
0.422075
0.409937
-0.171246
-0.160146
-0.145544
0.300003
-0.500649
0.158877
-0.244234
0.541255
-0.125957
-0.033899
0.762792
0.287296
0.229427
0.808394
0.233318
0.499028
0.298962
0.035674
0.132124
0.500898
0.097721
0.023453
0.424968
0.093456
0.164227
1.023541
0.960079
0.690965
0.489589
0.559928
0.397400
0.357969
0.568714
0.391992
0.480772
0.672921
0.145013
0.400160
0.707950
0.601745
1.008157
0.610388
0.815059
0.809289
0.319584
0.847499
0.266997
0.483379
0.844667
0.423209
0.986174
0.967170
0.553038
0.571256
0.131549
0.474131
0.495061
0.276896
0.475783
0.539194
0.064311
0.570496
0.557273
0.206049
0.604848
0.395778
0.854767
0.544286
0.488778
0.453565
0.923677
0.995032
0.746686
0.319125
0.339844
0.784941
0.186983
0.692515
0.270397
0.049101
0.248580
0.594656
1.007900
0.548549
0.658315
0.611848
0.479289
0.418820
0.106081
0.231721
0.363695
0.364701
0.169985
0.316150
0.652325
0.340665
0.565620
0.661725
0.710315
0.792081
0.978348
0.922488
0.707294
0.059423
0.231596
0.157391
0.853956
0.506223
1.022920
0.415166
0.496303
0.828351
0.438829
0.712364
0.657551
0.466741
0.255854
0.309175
0.290733
0.214730
-0.019813
0.321044
0.403065
0.228178
0.641876
0.780181
0.721124
0.943259
0.637021
0.510131
0.895495
0.622810
0.163031
0.488235
0.690022
0.289964
0.721296
0.435834
0.772229
0.358668
0.658448
0.388137
0.351767
0.183544
0.605368
-0.156306
0.076384
0.261125
0.512915
0.181257
0.385718
0.570069
0.174391
0.615261
0.504324
0.768245
0.732059
0.810727
0.627028
0.618264
0.755029
0.165229
0.172315
0.670520
0.421245
0.625142
0.283358
0.400645
0.483036
0.382559
0.366760
0.556494
0.275277
0.242740
0.149725
0.082601
0.068837
0.754776
0.660432
0.343276
0.786079
0.492519
0.143620
0.486158
0.510640
0.566166
0.162232
0.180249
0.750710
0.562328
0.668397
0.303108
0.537150
-0.031280
0.419788
0.340813
0.348017
0.457877
0.737577
0.699705
0.688468
0.135601
0.364041
0.116784
0.642978
0.401978
0.656942
0.469408
0.227673
0.414573
0.135542
0.167244
0.521285
-0.100071
0.360339
0.638654
0.414275
0.534999
0.609070
-0.081182
-0.256702
0.504302
0.558220
0.780741
0.980342
0.566240
0.716490
0.812829
0.785591
0.063226
0.134757
0.693714
0.702543
0.860245
0.407218
0.291190
0.543240
0.346071
0.416148
0.458665
0.193598
0.104135
-0.090811
0.759981
0.520011
0.388908
0.243480
0.681101
0.563987
0.350555
0.578069
0.459338
0.817150
0.853809
0.689570
0.767153
1.358915
0.540802
0.286255
0.681444
0.817902
0.896268
0.332438
0.769977
0.631971
0.797992
0.638819
0.499732
0.492288
0.660276
0.719506
0.678509
0.169182
0.922744
0.438487
0.497829
0.239416
1.158653
0.762765
0.771958
0.809211
0.627323
1.129224
0.719768
1.024584
0.545044
0.315870
0.349984
0.557247
0.297549
0.775665
0.688513
0.632197
1.069427
0.879467
0.780556
0.573146
-0.004859
0.752584
0.709985
0.916632
0.879605
0.441159
0.197354
0.779580
0.459676
0.804290
0.879760
0.466097
0.668438
0.730973
0.543988
0.689366
0.361223
0.222922
0.385369
0.947928
0.524027
0.687137
0.808817
0.923672
0.397764
0.891178
0.382115
0.214936
0.386563
-0.068881
0.923289
0.552310
0.040403
0.732190
0.554154
0.817613
0.650726
0.801977
1.340142
0.735574
0.678369
0.750810
0.516882
0.776632
0.250575
0.587341
0.778863
1.102724
1.165156
0.869828
0.759647
0.687191
0.510735
0.376751
0.229072
0.747191
0.164515
0.317225
0.818559
0.605767
0.497848
0.741248
0.102986
0.415388
0.339589
0.661468
0.593770
0.436175
0.715976
0.143110
0.643881
0.560641
0.782992
0.651693
0.859083
0.698072
0.667937
0.328224
0.438453
0.711465
0.639298
0.367548
0.320240
0.116840
0.074361
-0.019777
0.730285
0.534206
0.480341
0.557565
0.009677
0.574557
0.313374
0.362633
0.320748
0.779544
0.579278
0.349792
0.564939
0.386355
0.541138
0.757761
0.983207
0.864358
0.666178
0.784476
0.523249
0.231258
0.780722
0.471968
0.547444
0.537799
0.279445
0.313081
0.533417
0.754293
0.430642
0.277046
0.190109
0.518054
0.366296
0.455632
0.512455
0.500968
0.396260
0.428998
0.311614
0.550917
0.635442
0.833066
0.861504
0.605180
0.662475
0.292511
0.317198
0.315364
0.664191
0.850704
0.303675
0.143477
0.395727
0.063309
0.737787
0.120201
0.419178
0.237346
0.766135
0.595561
0.372230
-0.018140
0.417903
0.261485
0.061154
0.182569
0.279622
0.093387
0.200055
0.745391
0.356857
0.413110
0.024819
0.498581
0.390470
0.269068
0.405666
0.152215
0.339868
0.408924
0.243892
0.928015
0.744476
0.012830
0.961084
0.448846
0.198638
0.269708
0.760105
0.187712
0.220777
0.439842
-0.217842
0.198930
0.156674
0.220588
0.309569
0.403001
0.397772
0.586231
0.532367
0.311949
0.155476
-0.000603
0.319029
0.120882
0.233593
0.501856
0.602430
0.940399
0.056142
0.022912
0.860292
0.825749
0.074834
0.654644
0.011467
-0.187834
0.168837
0.277688
0.264618
0.073401
0.104113
0.235691
0.303572
0.291471
0.519377
0.769259
0.110720
0.396343
0.792609
0.850191
0.148274
0.890612
0.180102
0.343261
0.182310
0.450858
0.814890
0.916374
0.395528
0.870827
0.916939
0.139874
0.506324
0.843804
-0.095610
0.639379
0.036803
0.356571
0.648285
0.220913
0.308938
0.342384
0.464491
0.332613
0.735131
0.271705
0.425087
0.186186
0.923438
0.406345
0.207198
0.831506
-0.027513
0.173118
0.079642
0.257327
0.630655
0.894249
0.154166
-0.023469
0.637244
0.079222
0.040019
0.415236
0.243054
0.594967
0.396947
0.421923
0.521989
0.125702
0.271322
0.518131
0.722478
0.298915
0.617323
0.682267
0.519817
1.000804
0.866556
0.296867
0.856718
0.040980
0.017835
0.851502
0.216375
0.097455
0.104742
0.803153
0.933694
0.261114
0.719621
0.887647
0.512510
0.365927
0.601002
0.367907
0.371192
0.232843
0.454226
0.442997
0.673786
0.297269
0.750159
0.746771
0.740070
0.165069
0.672986
0.122226
0.858054
0.519374
0.342735
0.679643
0.560197
0.359986
0.531103
0.792938
0.439617
0.535639
0.367756
0.223484
0.571444
0.155721
0.099811
0.126319
0.463515
0.231829
0.600725
0.045325
0.564207
0.223132
0.267549
0.689617
0.493469
0.693869
0.729181
0.443094
0.903824
0.359744
0.566903
0.751554
0.880020
0.909638
0.430101
0.472035
0.235248
0.862481
0.031766
0.347005
0.234180
0.477125
-0.098288
0.206279
0.017803
-0.120804
0.162482
0.352563
0.113359
0.112853
-0.181039
0.445377
-0.043666
0.368972
0.657849
0.942703
0.334416
0.495949
0.420429
0.243745
0.856141
0.987332
0.995299
0.736161
0.896200
0.405243
0.153710
0.118593
0.346624
0.312779
0.786168
0.889155
0.125216
-0.098741
0.377434
0.482688
0.377081
0.316219
0.542369
0.234372
-0.016294
0.701298
0.021614
0.164764
0.198933
0.747157
0.133314
0.243106
0.553743
0.777093
0.099247
0.541075
0.772392
0.835409
0.438045
0.198887
0.011788
0.605223
0.587725
0.404630
0.500333
0.578877
0.638513
0.574408
0.094848
0.209278
0.034183
0.453673
0.769301
0.283175
0.456955
0.485850
0.305770
0.621719
0.684782
0.052926
0.755033
0.218131
0.296033
0.308776
0.995223
0.395267
0.849810
0.767579
0.230518
0.286249
0.964786
0.231589
0.881157
0.550007
0.642491
0.389492
0.131667
0.284780
0.964557
0.224721
0.492153
0.002289
0.681624
0.264525
0.285543
0.138580
0.750374
0.591312
0.760300
0.435101
0.639843
0.514269
0.652896
0.939824
0.822283
0.643657
0.325999
0.613717
0.325668
0.436710
0.774581
0.196433
0.541127
0.649146
0.792198
0.450809
0.312053
0.093144
0.678577
0.176032
0.285828
0.218816
0.215745
0.979537
0.501846
0.504845
0.118118
0.252109
0.125665
0.907840
0.657879
0.684855
0.342549
0.285684
0.618642
0.186875
0.948545
-0.009397
0.778440
0.129009
0.456783
0.649216
0.500990
0.338510
0.895629
0.649886
0.838969
0.819430
0.672261
0.622393
0.157807
0.120446
0.826748
0.393632
0.072193
0.323784
0.925441
0.072848
0.367767
0.835572
-0.066791
0.124539
0.611551
0.516790
0.732700
0.266941
0.787154
0.355842
0.459245
0.864672
0.396960
0.480190
0.491804
0.520565
0.332565
0.303566
0.516963
0.485999
0.434959
0.391637
0.834729
0.266194
0.403447
0.664906
0.608097
0.311330
0.641097
0.491166
0.448874
0.493590
0.421025
0.522436
0.550076
0.262644
0.252080
0.360693
0.254087
0.599782
0.288742
0.894423
0.808033
0.627401
0.386348
0.687090
0.909294
0.908142
0.562291
0.500380
0.795785
0.101812
0.674685
0.660495
0.244393
-0.044854
0.158376
0.177618
0.596200
0.641516
0.600563
0.677702
0.643866
0.509839
0.368444
0.595896
0.327055
0.243489
0.739715
0.469903
0.423314
0.703050
0.604942
0.742071
0.640599
0.672697
1.010700
0.399235
0.987671
0.364402
0.518230
0.782483
0.306454
-0.150096
0.222427
0.535387
0.396203
0.705197
0.291522
0.735921
0.370227
0.330477
0.308752
0.532419
0.273559
0.365357
0.545615
0.255123
0.469258
0.952021
0.640447
0.748710
0.636363
0.898746
1.282128
0.750178
0.844627
0.017704
0.619879
0.776793
0.226577
-0.220623
0.624875
0.378191
0.192650
0.542084
0.611435
0.571816
0.856062
0.716295
0.213385
0.425280
0.459114
0.427527
0.428761
0.615834
0.672292
0.275651
0.681541
0.735179
0.605325
1.321729
1.218963
0.596314
0.169573
0.494585
0.023552
0.967379
0.375533
0.239801
0.654445
0.504609
0.540613
0.637418
0.712696
0.590865
0.539668
0.407492
0.574551
0.261281
0.120296
0.259444
0.263958
0.289834
0.500697
0.542301
0.577351
0.291240
1.149081
1.448127
1.545940
0.980943
0.900309
0.640362
0.213824
0.021537
-0.023160
0.211137
0.333425
0.680232
0.904271
0.829125
0.678931
0.895996
0.597322
0.814613
0.682837
0.522004
0.177803
0.044992
0.385591
0.457400
0.111152
0.050294
0.456409
0.458390
0.563612
1.582183
1.603772
1.010527
0.329937
0.368694
0.259813
0.203947
-0.020380
0.750723
0.633578
0.481534
0.638949
0.645253
0.558158
0.478933
0.760696
0.862228
0.673750
0.537806
0.655845
-0.331262
0.524419
0.250632
0.428813
0.245337
-0.120219
-0.221119
0.723997
1.234136
1.605021
0.637431
0.851499
0.331033
0.889601
0.172451
0.704452
0.325137
0.617713
0.878329
0.440972
0.506161
0.504728
0.544326
0.748754
0.909998
0.827434
0.485257
0.557154
0.261158
-0.048836
0.178247
0.388205
0.611301
0.355184
-0.487989
-0.460936
0.491959
0.401459
0.197165
0.585524
0.147297
0.314720
0.439102
0.562936
0.281479
0.713872
0.083590
0.497551
0.402382
0.855367
0.859226
0.785464
0.537721
0.795174
0.535178
0.209553
0.214707
0.079346
0.444234
0.215921
0.322474
0.447249
0.587720
-0.057732
0.066955
0.690565
0.371633
0.816943
0.311557
0.342348
0.412682
0.462645
0.705421
0.707869
0.894301
0.600409
0.652441
0.543846
0.634320
0.499336
0.731923
0.632212
0.238209
0.192676
0.027912
0.342440
0.388860
0.576019
0.516278
0.402011
0.367544
0.406078
0.071509
0.232039
0.604577
0.320357
0.322017
0.966122
0.131124
0.625659
0.450259
0.389311
0.048968
0.595731
0.397707
0.211256
0.887331
0.515144
0.523324
0.312645
0.423946
0.290789
0.212575
0.311915
0.483740
0.474036
0.340429
0.718952
0.790000
0.473382
0.414457
0.147105
0.412792
0.876107
0.628123
0.136152
0.196765
0.964490
0.183974
0.362525
0.711332
0.101173
0.461780
0.537220
0.415984
0.257956
0.542808
0.197427
0.078901
0.567242
0.174374
0.595332
0.582154
0.367781
0.236302
0.776208
0.443335
0.664399
0.660639
0.223241
0.231607
0.145247
0.617563
0.797033
0.025183
0.291387
0.991178
0.846768
0.667908
0.050774
0.306575
0.424526
0.360395
0.362674
0.237937
0.292286
0.431628
-0.025274
0.375565
0.433390
0.795224
0.507434
0.692513
0.663698
0.382338
0.599918
0.660316
0.668255
0.377967
0.143398
0.274367
0.746257
0.310621
1.005651
0.661185
0.941863
0.816346
0.517062
0.407902
0.378275
0.408401
0.362565
0.278090
0.132180
0.449062
0.605120
0.787649
0.839075
0.600822
0.403118
0.328035
0.360491
0.780467
0.497270
0.518681
0.154215
0.236377
0.541728
0.150846
0.721644
0.786557
0.505997
0.527004
0.542894
0.940801
0.600897
0.777419
0.393878
0.479763
0.256065
0.740714
0.276948
0.393399
0.540619
0.343711
0.553169
0.456570
0.612598
0.327257
0.846454
0.810718
0.532870
0.590889
0.762422
0.347088
0.408768
0.089640
0.747631
1.043150
0.407087
0.764771
0.819917
0.566644
0.839732
0.802806
0.809694
0.296279
0.683253
0.488379
0.733010
0.550802
0.456729
0.674782
0.430827
0.411727
0.389074
1.021785
0.586396
0.858391
1.036865
0.549718
0.717866
0.123121
0.733941
0.700371
0.691681
0.145102
0.899752
0.878109
0.612944
0.520079
0.965084
0.335446
0.569775
0.758273
0.666376
0.456407
0.447837
0.505372
0.629398
0.573632
0.416427
0.774308
0.596006
0.036053
0.634039
0.924374
1.161871
0.940500
0.869625
0.776019
0.368518
0.832678
0.050175
0.083383
0.698066
1.044594
0.482812
0.639204
0.142391
0.609505
0.486293
0.575914
0.511618
0.645855
0.676611
0.618358
0.915344
1.002504
0.574361
0.680569
0.802457
0.874594
0.573364
0.412601
0.803289
0.645154
0.089111
0.893929
0.627242
0.089895
0.693007
0.991736
0.999231
0.877019
0.274538
0.488879
0.557936
0.617436
0.669555
0.468554
0.903722
0.432898
0.633890
0.362104
0.329062
0.695452
0.581292
0.481396
0.604504
0.576519
0.886769
0.409387
0.519744
0.922172
0.351672
0.384806
0.659718
0.469600
0.221014
0.284911
0.573059
0.988289
0.426575
0.356771
0.592346
0.553704
0.704698
0.470035
0.650765
0.946942
0.722812
0.653379
0.745477
0.787994
0.459019
0.334744
0.590241
0.826627
1.033726
0.213155
0.269904
0.745076
0.261174
0.630805
0.702045
0.669888
0.999033
0.361758
0.167038
0.263794
0.735520
0.655819
0.130676
0.870309
0.276476
0.793145
0.719636
0.523329
1.004166
0.276706
0.903277
0.852194
0.692889
0.868473
0.570974
0.780448
0.839917
0.975551
0.628007
0.744055
0.864804
0.719711
0.380875
0.184660
0.373001
0.082920
0.854036
0.370847
0.427802
0.912564
0.493797
-0.031326
0.668827
0.792179
0.156874
0.901443
0.639234
0.423769
0.951596
0.454845
0.340167
0.696978
0.197902
0.882792
0.547495
0.655573
0.618722
0.225188
0.388019
0.035053
0.889721
0.252833
0.754775
0.270596
0.437493
0.127775
0.349186
0.285987
0.493629
0.796287
0.284384
0.087408
0.878348
0.953599
0.783763
0.866595
0.811474
0.319216
0.241592
0.837790
0.784945
0.597268
0.643229
0.000293
0.473357
0.186050
0.637593
0.065291
0.413533
0.100344
0.303254
0.278446
0.855119
0.573851
0.715939
0.982895
0.927367
0.007980
0.482704
0.725565
0.294057
0.608696
0.651272
0.272749
0.392235
0.533647
0.126318
0.729517
0.786815
0.972328
0.526310
0.415707
0.646386
0.551747
0.891737
0.832436
0.189341
0.957028
0.245969
0.214953
0.057372
0.549360
0.503007
1.010747
0.270185
0.362021
1.021791
0.190019
0.382580
0.597507
0.966834
0.592732
0.968376
0.428140
0.817002
0.433055
0.979456
0.972902
0.134473
0.765288
0.904446
0.601149
0.129347
0.529557
0.152896
0.021083
0.361993
0.342393
0.981980
0.608688
0.577875
0.203422
0.392192
0.341070
1.138890
0.699157
0.739573
1.056318
0.690714
0.796017
0.682456
0.540319
1.265646
0.642477
0.837296
1.020872
0.780815
0.638750
0.758771
0.607453
0.111821
0.567160
0.195442
0.269696
0.096717
0.343867
0.293565
0.488359
0.786377
0.425972
0.373098
0.477450
0.439825
0.546300
0.834332
0.659270
1.020214
0.808291
0.224683
0.692211
0.227053
0.488870
1.136018
0.285758
0.681065
0.767035
1.123097
0.163721
0.896999
0.496206
0.605032
0.008469
0.048440
0.796428
0.263009
0.194493
0.150839
0.603856
0.588826
0.839773
0.647213
0.748848
0.302285
0.075710
0.717145
0.434097
0.273820
0.490699
0.603491
0.574904
0.622163
1.099184
0.961545
0.623701
0.538473
0.429257
0.433187
0.780403
0.347822
0.484394
0.282036
0.910346
0.468967
0.379550
0.614844
0.572778
0.561865
0.490945
0.118536
-0.043356
0.551141
-0.138284
0.299897
0.309542
0.360509
0.702849
0.415593
0.564838
0.400737
0.285225
0.244261
0.485101
0.563102
0.353054
0.433013
0.181491
0.349341
0.067431
0.903129
0.620269
0.521023
0.223081
0.380660
-0.244468
0.665939
0.250214
0.736363
0.731533
0.129704
0.309474
0.212568
0.645212
0.219265
0.326875
0.376568
0.295084
0.431242
0.761082
0.348914
0.534345
0.838348
0.839876
0.786953
0.032047
0.627076
0.235653
0.103450
0.895740
0.272440
0.019767
0.312906
0.812812
0.134473
0.035371
0.307849
0.440318
0.077965
0.197065
0.399258
0.323312
0.137609
0.302111
0.025275
-0.049067
0.329426
0.212352
0.465845
-0.082558
0.321534
0.159390
0.503245
0.457648
0.835480
0.348325
0.524434
0.383750
0.468468
0.513582
-0.044605
0.692900
0.420030
0.596589
0.544387
0.614272
0.336397
0.071530
0.286130
0.053441
0.396920
0.116704
0.310002
0.112787
0.157967
0.552193
0.567473
0.632022
0.522351
0.257553
0.441912
0.191450
0.510947
0.212809
0.776270
0.286224
0.497543
0.208642
0.258505
-0.143694
0.797094
0.647089
0.102636
0.492278
0.352325
0.356197
0.463908
0.464959
0.174539
0.123569
0.134877
0.174614
-0.286303
0.087566
0.124600
0.117757
-0.025866
0.342523
0.418337
0.578628
0.705615
0.403191
0.015516
0.211057
0.481737
0.518929
0.295625
-0.042312
0.161434
0.266216
0.586152
0.261497
-0.064219
0.537270
0.407740
0.250598
-0.053077
0.362086
0.066241
-0.039744
0.396020
0.231942
0.568232
0.027714
0.643726
0.182367
-0.161420
0.652160
0.704689
0.975187
0.635331
0.475890
0.284492
0.503730
0.502963
1.043846
0.748593
0.278713
0.377978
0.852302
0.556083
0.733629
0.342744
0.279688
0.221665
-0.377115
0.502631
0.555860
0.161626
0.430220
0.689564
0.473531
1.127524
0.873832
-0.174998
0.383105
0.119203
0.303839
0.428945
0.911805
0.214644
-0.018173
0.141437
0.691974
0.494617
0.287351
0.623553
0.360882
0.346083
0.758004
0.403066
0.544836
0.265049
0.093821
0.266211
0.269656
0.567672
0.356288
0.372914
0.598655
1.395922
0.873026
0.267928
0.439597
0.493549
0.627299
0.216691
0.667040
0.865369
0.505700
0.508304
0.438502
0.598995
0.744469
0.742153
0.648986
0.630683
0.532984
0.247179
0.302442
0.581903
0.521922
0.099308
0.214380
0.240734
0.470602
1.080916
1.193112
0.809394
1.224024
0.462775
0.076195
0.623173
0.010579
0.962153
0.144418
0.565498
-0.182048
0.529241
0.799605
0.927488
0.590158
0.734971
0.573679
0.529676
0.652128
0.554347
0.361925
0.447559
0.551162
0.369239
0.252501
0.725564
0.653062
0.514480
0.680743
0.793766
1.036254
0.403616
0.485561
0.951427
0.814502
0.007172
0.600774
0.624675
0.576341
0.441384
0.837762
0.375016
0.683816
0.216040
0.796828
0.982146
0.403474
0.514385
0.574441
0.714617
0.601669
0.203340
0.464658
0.399840
0.830471
0.438654
1.175167
0.687732
0.422352
0.378547
-0.116451
0.280301
0.680620
0.811537
0.255292
0.278805
0.377425
0.624344
0.361982
0.703048
0.611878
0.563778
1.030405
0.741173
0.773491
1.039328
0.390450
0.633562
0.145568
0.293211
0.356003
0.953880
0.332276
0.584122
0.092947
0.804115
0.617056
1.029053
0.396200
0.112816
0.273638
0.755087
0.432935
0.724757
0.165722
0.331256
0.569477
0.316928
0.835357
0.860995
0.768534
0.960610
0.684756
0.433775
0.367196
0.722127
0.417311
0.541283
0.879059
0.549712
0.726991
0.632207
0.536183
0.470573
0.756693
0.437921
0.659684
0.573621
0.366780
0.500648
0.764916
0.511710
-0.016897
-0.007149
0.445676
0.955775
0.932111
0.616788
0.861035
1.135805
0.915047
0.615679
0.645229
0.488485
0.682459
0.911625
0.707748
0.535673
0.519380
0.548996
1.121173
0.426721
0.706335
0.535497
0.264209
0.573678
0.833347
0.245248
0.216448
0.088334
0.372226
0.646592
0.414274
0.174175
0.344665
0.691356
1.073719
0.615895
0.815896
0.345519
0.918319
0.598485
0.970293
0.437963
0.785093
0.701306
0.344308
0.547895
0.808076
0.946697
0.189553
0.634250
-0.022325
0.926842
0.841220
0.415027
0.518859
0.527280
0.261252
0.249838
0.468209
0.475937
0.341004
0.792288
0.741411
1.291436
1.106432
0.687859
0.642590
1.073839
0.555667
0.921023
0.786485
0.481105
0.789538
0.411486
0.759709
0.367839
0.857282
0.113030
0.818875
0.099553
0.477284
0.852033
0.024334
0.238518
-0.118721
0.079285
0.220820
0.679908
0.525423
0.617125
0.534694
0.457624
1.173360
1.372399
0.720908
1.159513
0.917454
0.538592
0.804095
0.539848
0.846611
0.295241
0.621570
0.477456
0.744790
0.560059
0.786948
0.845255
0.593842
0.625449
0.943940
0.041771
0.285264
0.561088
-0.106642
0.545504
0.633719
0.387718
0.665474
0.772579
0.475535
0.557103
0.974526
0.587659
0.613653
0.767825
0.659741
0.731730
0.622492
0.447522
0.865546
0.550180
0.065529
0.912070
0.362870
0.086006
0.479358
0.145175
0.931159
0.071937
0.718662
0.755060
-0.040218
0.008031
0.462777
-0.007744
0.571621
0.128995
0.648659
0.652383
0.074280
0.223998
0.751868
0.307702
0.216511
0.594577
0.170728
0.514808
0.204554
0.840505
0.453268
0.135615
0.665803
0.716706
0.070537
0.016937
0.802711
0.549312
0.158625
0.716313
0.559686
0.755553
0.362250
0.462225
-0.215424
0.146451
0.109318
-0.000639
0.686020
0.122829
0.715370
0.038812
0.355732
0.503236
0.160412
0.316560
0.898283
0.149424
0.944690
0.089638
0.139607
0.455411
0.232319
0.806008
0.172117
0.302681
0.817544
0.959201
0.813504
0.918885
0.613479
0.387183
0.836458
0.296328
0.238934
0.086624
0.699634
0.471027
0.197786
0.565417
0.719605
0.094125
0.677392
0.142468
0.619147
0.861960
0.535842
0.558656
0.039550
0.492843
0.649909
0.179192
0.948254
0.882181
0.985132
0.119192
0.183495
0.804797
0.089501
0.034065
0.786890
0.797950
0.510833
0.690285
0.097057
0.741011
0.793591
0.886508
0.289699
0.076034
0.525436
0.063470
0.193809
0.217286
0.215211
0.817535
0.081702
0.752121
0.376194
0.121254
0.244964
0.026102
0.300446
0.193217
0.908325
0.285641
0.313582
0.093400
0.093657
0.408649
0.131152
0.886751
0.212507
0.644519
0.597368
0.331690
0.398371
0.404419
0.238688
0.704099
0.490157
0.766349
0.769741
0.684368
0.983723
0.984954
0.065424
0.737075
0.878097
0.186679
0.982038
0.904200
0.487124
0.175256
0.812529
0.772770
0.488844
0.905941
0.866240
0.897311
0.037177
0.753544
0.110419
0.682129
0.351563
0.446054
0.084158
0.759351
0.684750
0.788277
0.249527
0.451100
0.558018
0.933895
0.434822
0.542972
0.435799
0.500247
0.280047
0.313896
0.686919
0.259943
0.215939
0.171882
0.434967
0.026807
0.924470
0.904620
0.932418
0.801120
0.811704
0.962513
0.566900
0.934229
0.655864
0.918479
0.380277
0.740038
0.677845
0.065039
0.528316
0.927372
0.516139
0.086335
0.861267
0.950722
0.629067
0.297066
0.451170
0.904824
0.605285
0.132879
0.135315
0.767775
0.272637
0.563770
0.834184
0.233433
0.503486
0.777804
0.071731
0.358542
0.769365
0.638710
0.292429
0.425867
0.557807
0.673306
0.165922
0.235652
0.738345
0.694238
0.163024
0.254176
0.780258
0.024279
0.202167
0.397278
0.299679
0.608502
0.241584
0.782249
0.644050
0.312726
0.634194
0.022348
0.048274
0.570273
0.325912
0.607857
0.384559
0.409349
0.978125
0.187149
0.077535
0.286218
0.613202
0.635472
0.959525
0.779124
0.871125
0.698042
0.446315
-0.043419
0.869962
0.186137
-0.022233
0.015105
0.361758
0.085694
0.436504
0.581223
0.003591
0.317002
0.190171
-0.184191
0.454719
0.398180
0.544278
0.018657
0.179787
0.091456
0.516585
0.199290
0.298964
0.598194
0.487018
0.912402
0.233651
0.440777
0.604062
0.148136
0.331185
0.507859
0.497436
0.224154
0.505003
0.254616
0.328858
0.187257
0.424381
-0.054332
0.215645
0.561548
0.100564
0.112312
0.392429
0.093763
-0.135945
0.514086
0.428237
0.310692
0.768166
0.997085
0.520978
0.068284
0.632399
0.210927
1.070252
1.104370
0.774416
0.919961
0.979672
0.633583
0.862002
0.475545
0.718446
0.464185
0.438534
0.702764
0.214450
0.993511
0.360366
0.420752
0.476430
0.408037
0.610676
0.600365
-0.061258
0.016754
0.352308
0.568414
0.381592
0.158701
0.647455
1.198770
0.496725
0.412625
0.953335
0.603601
1.074627
0.778066
0.913679
0.723644
0.614751
0.489642
0.824695
0.389508
0.525057
0.767633
0.898196
0.381091
0.513575
0.771637
0.867134
0.922290
0.171785
0.515242
0.522715
0.412692
0.682663
0.992131
1.064098
0.682131
0.561987
0.549064
1.010311
0.589771
0.584912
0.755508
0.347883
0.785479
0.409441
0.444212
0.627595
0.433026
0.901550
0.577257
0.735469
0.567215
0.697935
0.613676
0.175548
0.211407
0.086441
0.774745
0.816413
0.380840
0.474172
0.495301
0.947961
0.784276
0.676575
0.733559
0.660386
0.685340
0.639661
0.527730
0.790302
0.550085
0.335009
0.814421
1.159043
0.802776
0.760678
0.679981
0.794934
0.381034
0.774884
0.524021
0.352675
0.908486
0.658379
0.150385
0.864508
0.828335
0.036189
0.841810
0.387939
0.866267
0.456376
0.666661
0.448636
0.342661
0.441663
0.811118
0.668987
0.524113
0.698525
0.823725
0.941592
0.902322
1.038131
1.161071
0.971510
0.843722
0.588238
1.072405
0.762295
0.311304
-0.026336
0.771949
0.121994
0.835303
0.958646
0.070802
0.917425
1.530222
1.134248
0.494656
0.475993
0.950854
0.503950
0.469407
0.378235
0.274950
0.174198
0.403486
0.839465
0.815472
0.920545
1.261404
0.898515
0.726924
0.837455
0.608049
0.430215
0.745511
0.129862
0.082348
0.185761
0.387870
0.860165
0.426117
0.461213
1.262100
0.612621
0.497218
0.881085
0.462028
0.461775
0.287143
0.634633
0.501908
0.135263
0.372637
0.406758
0.625451
0.651292
0.579838
0.721542
0.505257
0.346907
0.866423
0.490145
0.700797
0.041482
0.963909
0.796047
0.536806
0.079003
0.996421
1.060893
1.215680
0.308908
0.742936
0.648312
0.517025
0.433810
0.569446
0.553412
0.171733
-0.322582
-0.343167
0.444221
0.441478
0.896352
0.371746
0.710481
0.485794
0.571756
0.434544
0.815422
0.549691
0.072930
0.446938
0.632466
0.326089
0.445160
0.394157
0.923491
0.773474
0.465244
0.656906
0.657930
0.453675
0.615697
0.194992
0.175893
-0.055177
-0.312265
-0.307049
0.109272
0.720526
0.403215
0.331343
0.687221
1.138129
0.711638
0.597790
0.872033
0.898157
0.248952
0.617614
0.668756
0.314545
0.178164
0.293024
0.670608
0.581587
0.635963
0.453286
0.258583
0.611314
0.111351
0.225168
0.248673
-0.016415
-0.237072
0.159167
0.150445
0.392164
0.434949
0.988928
1.205259
0.615225
0.792408
0.655507
0.526391
0.496319
0.320114
-0.052287
0.948512
0.245131
0.734663
0.670087
0.587993
0.794793
0.828936
0.314768
0.733237
0.570273
0.582974
-0.050886
0.253948
0.429065
0.325943
-0.008701
0.355071
0.462563
0.576368
0.972882
0.812249
0.722527
0.563413
1.182586
0.298396
0.715073
0.262843
0.186256
0.422056
0.225510
0.374764
0.459227
0.501671
0.039977
0.158678
0.075941
0.331469
0.379927
0.516541
0.141993
0.349370
0.380934
0.205148
0.333276
0.487974
0.190018
0.249604
0.593888
0.619881
0.464545
0.343578
0.299742
0.748756
0.430300
0.290712
0.318349
1.049346
0.479968
0.580413
0.464972
0.793491
0.862820
0.897640
0.168805
0.256099
0.227184
0.182144
0.145293
0.218949
0.190211
0.445828
0.681660
0.580483
0.668246
0.458520
0.505140
0.584081
0.722494
0.512557
0.704911
0.700988
0.350702
0.239129
0.881070
0.166504
0.633936
0.975674
0.132421
0.210194
0.546326
0.477932
0.651610
-0.060011
0.260490
-0.032792
0.513633
0.185356
0.198505
0.312234
0.340911
0.401216
0.097122
0.343017
-0.043498
0.006018
0.170285
0.097104
0.022130
0.106425
0.109184
0.203642
0.208999
0.031295
0.739505
0.040599
0.141944
0.410383
-0.075841
0.143739
0.289903
0.163261
0.420400
0.347903
0.089174
0.299302
0.406172
0.304204
0.475336
0.522737
0.073617
0.326864
0.277322
-0.001579
-0.345612
0.284300
0.025767
0.519950
0.245760
0.705159
0.395789
0.194495
0.136245
0.706030
0.226773
0.855704
0.590779
0.130667
0.017895
0.319479
0.206069
0.524279
0.152086
0.252194
0.185462
0.376610
0.573319
0.314627
0.287618
0.127782
-0.088390
0.340563
0.430348
0.103276
0.088521
-0.107253
0.602088
0.554007
0.013173
0.516529
0.330719
0.489938
0.715627
0.426401
0.031886
0.835016
0.195647
0.976027
0.259760
0.288548
0.568925
0.780327
0.207419
0.205463
0.278875
0.722165
0.314701
0.750863
0.557883
-0.062156
-0.151719
0.609615
-0.065132
0.040907
0.134516
0.421025
0.402811
0.295146
0.056858
0.466084
0.822095
0.314726
0.769062
0.476016
0.947120
0.431706
0.616546
0.071879
0.410483
0.372786
0.525276
0.346388
0.294609
0.055705
0.597022
0.675678
0.381104
0.135091
0.355905
0.251220
0.186078
-0.037365
0.229908
0.539965
0.402207
0.861442
0.049533
0.853813
0.164367
0.077036
0.276452
1.140355
0.725621
0.691289
1.225227
0.419128
0.576202
0.040611
0.456771
0.406068
0.561130
0.457130
0.682612
0.527451
0.581497
0.249628
0.144584
0.083565
0.256737
0.037073
0.336981
0.628153
0.227769
0.998962
0.303589
0.715658
0.862136
0.316037
0.597552
0.191277
0.765207
1.025369
0.409201
1.162934
0.703662
0.995907
0.572313
0.777345
0.667276
0.696420
0.435161
0.812443
0.528834
0.366423
0.791723
0.772601
0.640511
0.197362
0.756167
0.886927
0.282102
0.299381
0.615470
0.569931
0.298343
0.919059
0.283511
0.107185
0.159286
0.723197
0.306836
0.909597
1.067925
0.568422
0.864944
1.028917
0.992044
1.056962
1.089736
0.892805
1.106274
0.878707
0.853542
0.308217
0.221615
0.579496
0.797673
0.640948
0.538688
0.460554
0.543038
0.831899
0.759935
0.158508
0.401830
0.058417
0.084898
0.691410
0.228736
0.366378
0.569337
0.514838
0.211512
0.401973
0.713557
0.838605
0.260894
0.495523
0.893351
0.809911
0.718881
0.716678
0.406936
0.363720
0.678491
0.377838
0.634438
0.326874
0.019587
0.787428
0.562626
0.005022
0.547364
0.721134
0.406852
0.605642
0.798701
0.094271
0.824400
0.148449
0.636750
0.230001
0.229754
0.923659
0.835822
0.996508
0.120318
0.179092
0.750297
0.820091
0.803887
0.340269
0.139171
0.042143
0.958467
0.517009
0.676581
0.285341
0.536597
0.849705
0.072770
0.099222
0.854727
0.620133
0.820273
0.261505
0.225678
0.616711
0.353217
0.049043
0.766288
0.991499
0.278903
0.995202
0.914539
0.115080
0.993536
0.036139
0.294956
0.743986
0.856663
0.099116
0.084471
0.995838
0.141259
0.042939
0.512847
0.817839
0.328280
0.049442
0.667513
0.401002
0.148305
0.521416
0.015951
0.947855
0.750974
0.214607
0.557650
0.114656
0.267670
0.321300
0.148208
0.595586
0.383116
0.043565
0.690743
0.344851
0.082715
0.986747
0.091050
0.941801
0.087931
0.175564
0.937639
0.228272
0.217382
0.450377
0.042730
0.537742
0.472337
0.704708
0.947411
0.681129
0.205153
0.945879
0.617562
0.190890
0.587154
0.542720
0.482176
0.789199
0.785172
0.322253
0.138234
0.955854
0.390091
0.829749
0.283593
0.417122
0.772967
0.352254
0.368191
0.861030
0.525008
0.290267
0.051514
0.680006
0.656254
0.439941
0.561902
0.407385
1.062060
0.519429
1.134889
0.368256
0.721047
0.817893
0.536195
0.319659
0.403421
0.432558
0.978046
0.296382
0.339440
0.116910
0.379416
0.923036
0.805302
0.464878
0.329974
0.584511
0.794841
0.630951
0.230692
0.319907
0.010376
0.805465
0.441293
0.522014
0.631810
0.714809
0.251360
0.520288
0.603149
0.899529
0.428889
0.799912
0.456886
0.910330
0.142104
0.472985
0.848864
0.397196
0.522564
0.541527
0.229952
0.665193
0.459770
0.040757
0.091818
0.729862
0.478540
0.585248
0.654549
0.279830
0.656409
0.481351
0.303485
0.703083
0.458032
0.948421
0.949899
0.766935
0.450806
0.656487
0.552934
0.593206
0.611113
0.825546
0.470428
0.900444
0.951895
0.202879
0.674871
0.267619
0.689779
0.890675
0.844646
0.102587
0.729856
0.276833
0.771553
0.649188
0.421840
0.720062
0.286985
0.513816
0.744940
0.308903
0.538592
0.383760
0.588102
0.597090
0.392537
0.631612
0.751515
0.556350
0.640927
0.801923
0.524359
0.973331
0.556748
0.087807
0.114981
0.226706
0.363499
0.696918
0.472161
0.604736
0.219893
0.729947
0.592759
0.837733
0.777881
0.468058
0.308631
0.404264
0.349099
0.524201
0.562013
0.384159
0.877478
0.384263
0.310638
0.667743
0.646697
1.107386
1.044174
0.640104
0.733761
0.918295
0.471473
0.262833
0.010258
0.702876
0.733585
0.692313
0.943772
0.825124
0.654678
0.508524
0.672591
0.366268
0.495311
0.264755
0.420961
0.312883
0.725062
0.649319
0.540913
0.729395
0.525768
0.492026
0.651059
0.613651
0.849718
0.775481
0.821189
0.324012
0.096364
0.528355
0.375247
0.399207
0.691245
0.408047
0.624849
0.662960
0.709659
0.926033
0.580928
0.661234
0.789609
0.475114
0.290395
0.271091
0.497246
0.741656
0.613571
0.818798
0.697137
0.825338
0.733090
0.659429
0.532957
0.404557
0.229089
0.869240
0.759781
0.004535
0.219841
0.955616
0.616580
0.659088
0.616904
0.720322
0.801381
0.701105
0.615198
0.551672
0.651223
0.867819
0.733758
0.021013
0.495248
0.332627
0.494023
0.632579
0.392954
0.685551
1.278811
0.632697
0.731975
0.352351
0.171358
0.783570
0.284616
0.285605
0.600393
0.156778
0.555638
0.925375
0.721367
0.696210
0.780817
0.278321
0.354143
0.933191
0.972295
0.485810
0.607721
0.538854
0.332013
0.564255
0.578950
0.784861
0.915478
0.722575
0.982084
0.842940
0.674090
0.327491
0.167269
0.000516
0.360759
0.260165
0.770893
0.671217
0.826132
0.413063
0.026928
0.506901
0.081789
0.538585
0.584757
0.844647
0.587338
0.571681
0.527806
0.509113
0.386797
0.464436
0.570211
0.569301
0.847203
0.600118
0.483104
0.793357
1.048949
0.583498
0.312218
0.203218
0.789614
0.438731
0.219846
0.044103
0.339980
0.452422
0.357939
0.214782
0.481041
0.416924
0.383843
1.059967
0.804453
0.860725
0.851056
0.581614
0.499378
0.467303
0.332115
0.334418
0.422693
0.636041
0.567822
0.254087
0.665993
0.221149
0.430591
0.281725
0.781517
0.712162
0.449206
0.394563
-0.179411
0.319984
0.353336
0.547092
-0.070775
0.551165
0.489169
0.888867
0.594144
0.604990
0.786697
0.400467
0.374679
0.330679
0.367377
0.365843
0.130025
-0.080670
-0.119348
0.298276
0.091613
0.178420
0.675244
0.564942
0.451396
0.088563
0.799117
0.000279
0.487978
0.115462
0.717274
0.286984
0.330051
0.588522
0.666753
0.727021
0.675751
0.280820
0.763224
0.440271
0.600124
0.404679
0.194000
0.029917
0.435650
0.486799
0.543044
0.625669
0.739148
0.018173
0.056010
0.942171
0.313102
0.712241
0.465515
0.633669
0.297067
0.345313
0.084486
0.392956
0.478674
0.709718
0.913834
0.692012
0.717766
0.359235
0.482525
0.668788
0.523335
0.515671
0.335205
0.443500
0.486788
0.518544
0.260419
0.369203
0.182586
0.111663
0.082885
0.158944
0.247043
0.119800
0.000599
0.311330
0.638444
0.427316
0.788265
0.846082
0.868814
0.754188
0.594266
1.058401
0.629863
0.469076
0.433923
0.527937
0.448525
0.456749
0.578572
0.548533
0.667667
0.475164
0.811879
0.687404
0.233558
0.184521
0.280300
0.714092
0.403121
0.363730
0.745817
0.424537
0.428827
0.473221
0.584663
0.579958
0.481850
0.577101
0.230115
0.518653
0.275777
0.431748
0.370180
0.425980
0.442278
0.362374
0.207518
0.061753
0.468349
0.424193
0.954730
0.312809
0.815645
0.717903
0.049258
0.374991
0.978282
0.334285
-0.022056
0.066682
0.664072
0.891722
0.388260
0.531976
0.668585
0.263133
0.232223
0.522116
0.222340
0.483520
0.328295
0.477795
0.671293
0.137022
0.691068
0.559768
0.628191
1.169695
0.537872
0.131222
0.739323
0.088676
0.396629
0.943421
0.856808
0.445838
0.240402
0.525032
0.558757
0.429018
0.599560
0.593067
0.346453
0.651268
0.327908
0.495296
0.433625
0.282902
0.549444
0.422658
0.493282
0.529197
0.449317
0.378978
0.357513
0.824081
0.502060
0.774986
0.540761
0.374586
0.094256
0.662134
0.517868
0.481049
0.489451
0.155194
0.736940
0.939232
0.523166
0.654933
0.263144
0.612806
0.540195
0.678452
0.732080
0.987794
0.830986
0.637696
0.532037
0.543980
0.650056
0.784265
0.460799
0.334575
0.709614
0.742716
0.822493
0.826704
0.873594
0.605809
0.261198
0.961764
0.223828
0.337262
-0.039178
0.601253
0.543273
0.251873
0.258615
0.246608
0.582377
0.407977
0.908379
0.694752
0.770716
0.578835
0.586934
0.778605
0.418842
0.453733
0.724640
0.553420
0.070046
0.456371
0.431638
0.673086
0.336598
0.368081
0.564899
0.209996
0.857039
0.400374
-0.252321
-0.063163
0.294069
0.390381
0.634975
0.631738
0.459908
0.879025
0.517503
0.671543
0.464287
1.022561
0.575308
0.506676
0.743307
0.968057
1.098934
0.378460
0.543636
0.418753
0.472384
0.525808
0.867921
0.940324
0.244092
0.204266
0.284453
0.621900
0.188187
0.086069
0.336815
0.380111
0.630823
0.296335
0.401705
0.647426
0.382146
0.540994
0.840287
0.595871
0.698183
0.850784
0.301480
1.082153
0.503670
0.460396
0.827272
0.212341
0.585344
0.384508
0.668651
0.083777
0.923186
0.536572
0.021966
0.143408
0.697100
0.303557
0.912777
0.155524
0.544781
0.576567
0.656324
0.064060
0.671911
0.736896
0.555400
0.726807
0.188821
0.289114
0.932035
0.618821
0.908540
0.020085
0.663139
0.445824
0.504968
0.538422
0.681875
0.094908
0.923055
0.350527
0.178685
0.846226
0.887073
0.201723
0.012412
0.626080
0.530479
0.965283
0.759992
0.134636
0.583171
0.526693
0.283846
0.450723
0.508757
0.069839
0.305734
0.755807
0.407569
0.288190
0.446040
0.358766
0.326771
0.120190
0.804702
0.658612
0.486577
0.926647
0.581668
0.837104
0.105332
0.427909
0.724203
0.308117
0.441428
0.352394
0.843408
0.431048
0.136228
0.993498
0.032358
0.669004
0.282949
0.485544
0.180123
0.353351
0.792165
0.938041
0.763377
0.081361
0.384256
0.122143
0.408132
0.504446
0.926844
0.239871
0.163059
0.413422
0.166518
0.744704
0.250468
0.271661
0.172433
0.968923
0.573661
0.610672
0.325050
0.422450
0.017824
0.434275
0.387454
0.074719
0.130742
0.697240
0.560664
0.311067
0.052513
0.355348
0.250687
0.816552
0.436710
0.634943
0.938695
0.844840
0.139330
0.865480
0.084697
0.302407
0.277716
0.249847
0.041087
0.520023
0.512119
0.213733
0.496046
0.085352
0.788490
0.741933
0.438821
0.833045
0.273853
0.915675
0.939068
0.411348
0.641826
0.519912
0.740007
0.696296
0.875325
0.990709
0.512848
0.312030
0.623296
0.451402
0.156702
0.758020
0.307436
0.230726
0.047309
0.574942
0.460657
0.067233
0.053257
-0.157987
0.088293
0.373016
-0.034721
0.068165
0.373430
0.524907
-0.042994
0.744845
0.586153
0.003495
0.183267
0.231787
0.524268
0.923332
0.928086
0.399585
0.911698
0.427894
0.686763
0.518919
0.845077
0.794174
0.238192
0.294368
0.199201
0.386975
0.792543
0.276498
0.050587
0.255984
0.031961
0.370943
0.115167
0.318274
0.748226
-0.146551
0.340329
0.022693
0.770548
0.969972
0.041490
0.961194
0.203589
0.565754
0.859872
0.080862
0.846909
0.684944
0.393020
0.352321
0.072308
0.588411
0.806273
0.705048
0.439437
0.591764
-0.095940
0.259566
0.179586
0.594010
0.369873
0.603302
-0.103485
0.554982
0.217270
0.120598
0.886374
0.973302
0.350251
0.772083
0.941557
0.359724
0.682486
0.002698
0.561061
0.349835
0.018934
0.862098
0.493875
0.587429
0.495330
0.611274
0.753169
0.810996
0.967318
0.704479
0.918408
0.548966
0.728443
0.329290
0.657333
0.379624
0.254907
-0.168430
0.690978
0.471593
0.550443
0.875667
0.513229
0.861654
0.483194
0.259543
0.009251
0.319027
0.492641
0.573393
0.579902
0.829445
0.357407
0.615138
1.185227
1.142622
1.285209
1.024920
0.749839
0.559524
0.280803
0.363811
0.767005
0.268604
0.242279
0.477777
0.404565
0.582994
0.131214
0.498613
0.222350
0.636499
0.199141
0.496263
0.404000
0.330381
0.486595
0.472567
0.653189
0.540891
0.494110
0.907899
0.541525
0.724287
0.676191
0.761946
0.556320
0.646157
0.600486
0.583111
0.563328
0.208179
0.392223
0.207030
-0.042767
0.385399
0.453918
0.745217
0.202797
0.519770
0.016533
0.303606
0.590813
0.488774
0.403684
0.657711
0.445870
0.665594
0.327197
0.294072
0.518508
0.753345
0.250517
0.406817
0.485754
0.460863
0.371626
0.411330
0.373737
0.565144
0.149052
-0.177652
-0.052853
0.854988
0.566034
0.216943
0.443979
-0.047356
0.705807
0.544432
0.699862
0.477716
0.526979
0.618933
0.719555
0.972562
0.882221
0.330183
0.614459
0.499136
0.610675
0.542888
0.717879
0.563643
0.674376
0.637215
0.767397
0.223313
0.770843
-0.040588
0.605165
-0.095179
0.227132
0.041758
0.017944
0.744197
-0.011187
0.399524
1.013936
0.532308
0.950180
0.644756
0.599610
0.573516
0.896707
0.485001
0.156696
0.576714
0.562933
0.379994
0.961638
0.748847
0.852010
0.669295
0.573385
0.869948
0.877156
0.616443
0.419861
0.304927
0.111641
0.670116
0.545872
0.306513
0.641619
0.939655
0.606515
1.151927
0.671066
0.869396
0.717191
0.882893
0.510718
0.797266
0.561327
0.777333
0.616026
0.633993
0.570881
0.822500
0.841935
0.911269
0.955905
0.436790
0.793308
0.386670
0.546087
0.506157
0.803660
0.639861
0.125525
0.896387
0.274658
1.169730
0.832362
0.661718
0.561636
0.732930
0.580872
0.769051
0.446948
0.322865
0.854791
0.712667
0.626287
0.526835
0.150012
0.717028
0.623210
0.865104
0.906369
0.988529
0.142785
0.076141
-0.035713
0.241772
0.514931
0.159644
0.002474
0.291233
0.662513
0.400438
0.540905
0.517672
0.803837
0.343425
0.631834
0.288322
0.110332
0.316960
0.451050
0.630684
0.697206
0.700150
0.562501
0.626778
0.651210
0.631275
0.512442
0.702613
0.541773
0.215276
0.371333
0.314179
0.522231
0.951485
0.736900
-0.065252
0.002387
1.085663
0.457050
0.949720
0.965153
0.340345
0.283025
0.646870
0.504307
0.466463
0.339536
0.322596
0.535492
0.557833
0.998302
0.728252
0.356169
0.611072
0.736720
-0.008464
-0.153094
0.154964
0.578694
0.255158
0.775543
0.537780
0.646168
0.241293
0.529403
0.542258
0.210555
0.488873
0.323112
0.329942
0.375669
0.373240
0.812984
0.543991
0.190246
0.248483
0.365572
0.666557
0.855696
0.548057
0.658336
0.417355
0.450497
0.214444
0.345516
-0.002287
0.414167
0.009910
0.491261
0.486346
0.309143
0.257682
-0.032892
0.990105
0.314469
0.204121
0.448936
0.848454
0.445319
0.828181
0.454807
0.226204
0.344049
0.461338
0.347633
0.587662
0.684431
0.400429
0.182408
0.240102
-0.070647
0.897873
0.087304
0.434591
0.300149
0.172739
0.477418
0.107170
0.237241
0.948116
0.383761
0.204250
0.081046
0.509564
0.463141
0.534158
0.267032
0.709179
0.329329
0.268748
0.447924
0.617345
0.791097
0.564785
0.472919
0.379062
0.464630
0.485737
0.072565
0.545291
-0.083635
0.071691
0.486474
0.506777
0.187438
0.027511
0.690539
0.661544
-0.036400
0.715598
0.505714
0.596495
0.306860
0.719420
0.290858
0.122435
-0.019369
-0.025004
0.299268
0.321829
0.352405
0.454804
0.225531
0.308800
0.062110
0.714699
0.594250
0.225769
0.312331
0.076604
0.888820
0.595410
0.342110
0.435400
0.125781
0.532205
0.336037
0.688756
0.136165
0.385398
0.445244
0.484981
0.058328
-0.087943
0.065940
0.105643
0.095446
0.341106
-0.105550
0.300017
0.418999
0.338365
0.577739
0.508620
0.380402
0.476386
0.334996
0.384461
0.912088
0.794951
0.213914
0.656360
0.413036
0.539836
0.130783
0.535824
0.157788
0.365918
0.201837
0.360075
0.144670
0.356715
0.192395
0.157076
0.290344
0.215047
0.258653
0.263083
0.093116
0.087399
0.171203
-0.294636
0.528905
0.633207
0.438861
0.518401
0.436485
0.732739
0.405217
0.062477
0.581371
0.612140
0.702067
0.940277
0.113405
0.631360
0.427880
0.455567
0.355444
0.647898
0.385255
0.555248
0.395177
0.642386
0.628430
0.556376
0.411702
0.564097
0.690423
0.245097
0.047091
-0.038286
0.838312
1.158008
0.906326
0.118921
0.130839
0.096605
0.942828
0.529417
0.116305
0.474568
0.130782
0.533942
0.506213
0.452896
0.429799
0.547184
0.508452
0.174741
0.161957
0.207566
0.409365
0.450640
0.171417
0.210365
0.005287
0.772175
0.348135
0.688440
0.946852
0.754889
0.020372
0.306383
0.487009
0.850061
0.474132
0.616673
0.884801
0.450867
0.162214
0.063129
0.940258
0.350050
0.619194
0.409692
0.355480
0.349026
0.424071
0.248834
0.213294
0.352679
0.881090
0.209174
0.574970
0.667510
0.945540
0.940660
0.678932
0.339227
0.891210
0.102029
0.852569
0.927831
0.451184
0.363814
0.750867
0.925187
0.911549
0.970408
0.524517
0.748747
0.658409
0.556661
0.521676
0.794583
0.568250
0.323139
0.722206
0.338192
0.828742
0.753874
0.975806
1.010726
0.908560
0.894891
0.413149
0.259350
0.612093
0.808018
0.574764
0.526576
0.990228
0.427332
0.465410
0.502591
0.965493
0.635060
0.632523
1.094869
1.215630
0.791038
1.031181
1.076405
1.278143
1.023376
1.187870
1.016877
1.044252
0.807764
0.354709
0.784619
0.440436
0.826329
0.423845
0.830611
0.520219
0.765298
0.093531
0.148711
0.613399
0.668294
0.675287
0.603528
0.093488
0.154558
0.065636
0.900681
0.389850
0.436126
0.629287
0.368947
0.228279
0.640887
0.248801
0.084310
0.648733
0.659764
0.800330
0.927118
0.802252
0.807288
0.600176
0.095928
0.699951
0.066418
0.897292
