0.340188
-0.105617
0.283099
0.298440
0.411647
-0.302449
-0.164777
0.268230
-0.222225
0.053970
-0.022603
0.128871
-0.134980
0.013637
0.452275
0.416240
0.135712
0.217297
-0.358397
0.106969
-0.483699
-0.257113
-0.362768
0.304177
-0.343321
-0.099056
-0.370210
-0.391191
0.498925
-0.281743
0.012932
0.339112
0.112668
-0.203920
0.137784
0.024892
-0.004702
0.476404
-0.202794
0.276807
0.031981
0.274210
-0.096555
0.394612
-0.213246
-0.144834
0.309519
0.419834
-0.429543
0.449753
0.026414
-0.413609
-0.307786
0.163227
0.390233
-0.151107
-0.435829
-0.479977
-0.042235
-0.436915
-0.261554
0.470885
0.402730
0.353019
-0.225922
0.053831
-0.102220
0.287954
0.041272
0.198737
0.064777
-0.418771
-0.022631
0.463831
0.452599
0.234743
-0.206393
0.243997
0.143130
-0.144224
0.188306
-0.333816
-0.059895
0.380075
0.329201
-0.169663
-0.270931
0.393264
-0.149342
0.187664
0.458789
0.095832
0.175297
0.387407
-0.024269
0.463446
-0.061314
0.357647
0.241498
0.495612
0.096862
-0.161576
0.546893
0.491971
-0.302882
0.404812
0.154047
-0.063645
0.120720
-0.218332
0.286216
-0.192542
-0.052966
-0.273885
-0.312212
-0.223675
0.057956
-0.080069
-0.321187
0.430091
-0.341943
-0.305529
0.065319
0.318511
0.554432
0.530034
0.319678
0.067788
0.447242
0.061220
-0.059770
-0.167451
0.143817
-0.233999
-0.340977
0.225148
-0.379572
0.292213
-0.336748
0.245071
-0.425470
0.450104
-0.447081
0.022135
-0.319631
-0.249909
0.313442
0.271946
0.223945
0.536393
0.209269
0.316850
-0.316583
-0.241347
0.158890
-0.238592
-0.237410
-0.117970
0.076248
0.366049
0.086932
0.238975
-0.473855
-0.377462
0.473369
-0.304485
0.386982
-0.374532
0.497799
-0.445933
0.371415
-0.424420
-0.489674
0.430503
0.114507
-0.273593
-0.262990
-0.052646
0.453556
0.338646
-0.109511
0.091084
0.118330
0.011594
0.260401
-0.319012
0.078848
0.265788
-0.216321
0.440964
0.011556
0.307640
0.199352
0.110520
-0.469563
0.247095
0.333239
0.425631
0.374253
0.337936
0.492898
0.258203
0.424673
0.518472
0.201194
0.015918
-0.319203
0.311638
0.356633
-0.441466
0.128228
-0.284137
0.106804
-0.271962
0.193446
-0.182583
-0.209605
-0.341582
-0.516818
0.039107
-0.342674
0.125257
0.005098
0.470687
-0.219977
0.046780
0.221896
-0.375245
-0.011007
0.107106
0.446143
-0.051645
-0.173169
0.295194
-0.103047
-0.528438
-0.203664
0.050182
0.268875
-0.336586
0.094963
-0.046630
-0.008860
-0.190292
0.152672
-0.420646
-0.021820
-0.583645
-0.171304
0.159629
0.166201
0.137073
-0.152845
-0.314901
0.111608
0.140110
0.246459
-0.170664
0.208534
-0.357877
0.325428
0.082853
0.076564
-0.336492
-0.059765
-0.474661
-0.309581
0.280093
0.114874
-0.382167
-0.333471
-0.124490
0.005345
-0.046793
-0.012209
-0.353375
0.180775
-0.250165
-0.179005
-0.310750
0.484403
-0.495867
0.329939
-0.156266
-0.302693
-0.086090
0.384260
0.297410
0.119854
0.059046
-0.494854
0.030571
-0.234555
0.153431
0.320485
0.326540
0.354310
-0.229501
0.356250
0.066794
-0.285812
0.239115
0.223527
0.227007
-0.088271
0.041979
-0.345223
-0.226816
0.364618
-0.007250
-0.034185
0.357103
-0.007293
-0.248318
-0.411000
0.043578
0.060943
-0.498756
-0.038505
-0.155880
0.192928
0.084054
-0.434239
-0.320550
0.024907
-0.284298
-0.282857
-0.129851
-0.259654
0.268870
0.251944
0.013862
0.285546
0.300831
-0.010990
-0.165717
-0.105673
0.158882
0.110249
-0.237747
-0.363469
-0.485433
-0.488601
0.018338
-0.265185
-0.314500
-0.274646
-0.500777
-0.207012
0.296822
0.002902
-0.256370
0.193937
0.342216
0.036985
-0.346081
0.300514
0.020842
-0.066484
-0.346958
0.038833
-0.074845
0.328340
-0.105233
-0.255675
-0.174097
0.229924
0.139491
0.462969
-0.220777
0.308610
-0.451006
-0.156759
-0.515624
0.252972
0.239219
-0.270202
-0.454847
0.321524
0.237129
-0.352912
0.075726
0.525825
0.182224
-0.328198
-0.091669
0.315171
-0.420593
-0.391746
-0.108962
-0.195699
0.157715
0.309095
-0.368298
-0.448242
-0.443475
-0.059803
0.228587
0.131306
-0.106661
-0.381552
0.130951
0.144755
0.063868
0.065692
-0.152621
-0.168236
0.465899
0.115436
-0.188326
0.169116
0.021450
0.085016
0.056761
-0.282301
0.332643
-0.405468
-0.386105
0.427744
-0.329662
-0.018267
-0.274509
0.327171
-0.204094
-0.156414
0.343162
-0.180947
0.305997
0.204486
-0.345305
-0.117522
0.335240
0.137708
0.343745
-0.122377
-0.165832
-0.151578
0.251026
-0.298474
0.193342
0.271475
0.211579
-0.280747
-0.076260
-0.154026
-0.046308
-0.263923
-0.113685
0.032846
-0.345278
0.056177
-0.478782
-0.127827
-0.135298
-0.198101
0.249125
-0.162593
0.254610
0.141478
0.458504
0.215369
0.320521
0.253489
-0.087671
0.258635
-0.388994
0.102507
0.388114
0.133753
0.171372
0.065018
-0.062325
-0.101701
0.242187
0.309381
0.179071
-0.347124
-0.467016
-0.435510
0.191617
-0.313395
0.092626
0.188031
0.080710
-0.430897
-0.402771
-0.117416
-0.180571
0.170946
0.357980
-0.244840
-0.085407
0.211642
0.419919
0.217499
-0.109498
0.435809
-0.229953
-0.282958
0.042015
0.359240
0.198065
0.409773
-0.307304
-0.105479
0.206613
0.369959
0.052879
0.239414
0.399084
-0.277077
0.405879
0.054220
0.455881
0.057476
0.120290
0.474326
0.344804
0.370759
0.145993
0.195385
0.525898
0.512059
-0.069370
0.462294
0.182234
0.199940
0.288469
0.303512
0.311823
-0.233800
0.104643
-0.029436
-0.332567
0.295296
0.371577
0.377466
0.149738
-0.090996
0.092756
0.095957
0.180392
0.126678
-0.235248
0.198533
-0.338004
0.310347
0.115319
0.393355
0.079505
-0.257441
0.126105
0.111527
-0.361055
0.360946
-0.084205
0.159073
-0.036351
-0.352476
-0.086912
-0.252967
-0.092786
-0.481517
0.225500
0.086369
0.303873
0.092328
-0.050907
-0.028605
0.515906
-0.320607
-0.273441
0.295118
0.237407
-0.139447
-0.165537
0.205583
0.492917
0.349973
0.083830
0.030553
0.402697
0.487936
0.463820
0.414424
0.276091
-0.164671
0.036742
-0.280865
-0.022351
0.451189
-0.022548
0.402195
0.473414
-0.279632
-0.030877
0.273828
0.285181
0.474207
-0.136094
0.368795
0.564965
-0.056358
-0.031899
0.094119
0.083998
0.177589
-0.230250
0.030651
-0.107527
0.169205
0.426767
-0.276750
0.110858
0.366505
-0.390221
-0.126445
-0.300929
0.148394
0.103344
0.196291
0.117856
-0.398600
0.086518
0.071115
-0.240881
-0.453654
-0.112961
-0.438021
0.436181
0.100343
0.210630
0.321047
0.392485
-0.330743
-0.030240
0.001400
0.301901
0.146466
0.467144
-0.340721
-0.203168
0.383144
-0.133971
0.399431
0.247638
-0.023346
-0.221848
0.455699
-0.362200
0.379587
0.124987
0.203232
0.399974
-0.344419
-0.232860
-0.354750
-0.347425
0.051807
-0.404548
-0.454547
-0.341087
0.383944
-0.501379
-0.351014
-0.389417
-0.040627
0.142554
0.412716
-0.397013
0.114671
-0.429443
-0.106254
-0.003569
-0.063266
-0.206194
-0.257324
0.405063
0.052799
-0.331101
-0.500553
-0.111539
0.267436
0.217745
-0.171396
0.464371
-0.493662
-0.023554
-0.361657
0.084213
0.128448
-0.215816
0.351066
0.120313
-0.172722
-0.457663
0.264345
0.303806
0.198809
0.181922
0.404187
-0.187060
0.252495
-0.202196
0.308163
-0.313926
0.087571
-0.450513
-0.401385
-0.342020
-0.251493
-0.357953
0.091908
-0.440638
0.377647
0.415272
-0.491028
0.356669
-0.096469
-0.286233
0.054282
-0.350291
0.073571
-0.029307
0.313434
0.426073
0.026624
0.082250
0.229398
-0.274764
-0.235828
0.133585
0.037881
-0.483943
0.430921
-0.152515
-0.293992
0.024289
-0.094107
-0.188057
0.182856
0.145417
-0.059107
-0.239093
0.190686
-0.185031
-0.300376
0.248201
-0.249583
0.177597
-0.486094
0.344004
0.352196
0.100763
-0.178522
0.167960
0.026830
0.348000
-0.249790
-0.243772
-0.426764
0.014389
0.389776
0.111386
0.031109
0.321708
0.459745
0.238015
-0.154542
-0.138029
-0.453927
-0.474056
-0.492787
-0.011237
-0.206130
0.208790
0.320422
0.007304
-0.032614
-0.421717
-0.309016
-0.016352
0.423381
-0.456605
-0.415589
-0.255142
0.211355
0.111241
-0.407142
0.461565
0.367469
-0.333906
-0.024053
0.257282
0.277505
-0.493020
0.078618
0.236467
0.243727
0.422572
-0.403596
0.287642
0.446435
-0.398520
-0.225103
-0.260679
0.309743
-0.404957
0.246730
-0.222786
-0.326699
0.437714
0.260862
-0.403319
0.481109
0.345273
-0.158460
0.192464
-0.043486
-0.065568
0.154201
-0.175574
0.101065
-0.369103
-0.417971
-0.121604
-0.363179
0.159570
-0.385784
0.380681
0.082517
-0.288957
0.168467
0.028988
-0.187609
0.443256
0.268206
-0.377914
-0.461735
0.014936
-0.100700
-0.288435
-0.047349
-0.339760
-0.191659
-0.066163
-0.494246
0.150534
-0.372057
-0.035984
-0.412992
0.282572
0.284565
0.180027
0.403847
0.360433
-0.439117
-0.450406
0.032394
-0.316901
0.431616
-0.388092
-0.110769
0.096441
0.138360
0.200246
0.039413
-0.093385
0.322426
0.077678
0.421543
-0.278124
0.289239
-0.125820
-0.118317
-0.401401
0.309669
-0.108902
0.253044
0.437202
0.345444
0.321392
0.199532
0.119522
0.003505
0.113891
-0.005660
0.072153
0.164847
-0.474031
0.252767
0.098769
-0.360756
-0.356098
-0.304088
0.277410
0.344281
0.235300
-0.316335
0.166455
-0.188321
-0.397431
0.383245
-0.402895
-0.029343
-0.233577
-0.297234
-0.208055
0.152761
0.435085
-0.289376
-0.000149
0.274373
0.430349
-0.356705
-0.215073
0.042190
0.130203
0.368688
-0.260541
0.179715
0.131070
0.332845
0.312997
0.273301
-0.471547
0.090095
0.117240
0.260823
0.267808
-0.220533
-0.425263
0.381550
-0.320472
-0.300735
-0.125653
-0.043453
-0.094815
0.184216
-0.333873
-0.109010
0.436743
0.175168
-0.335770
0.337522
0.267816
-0.076905
-0.100085
-0.083013
-0.218237
0.101221
-0.431765
0.401549
-0.067814
0.380895
0.173594
-0.041901
-0.031859
-0.209808
-0.267477
-0.242018
0.092320
-0.163033
-0.325002
0.292685
0.045969
0.073386
-0.191251
0.474988
-0.233904
-0.072453
-0.202190
-0.409911
0.451937
-0.149587
0.378484
0.200013
0.210595
-0.318301
-0.454642
0.459716
0.274401
-0.388398
0.358016
-0.298327
0.488063
0.034546
0.176544
-0.021224
0.347354
0.423481
0.259520
-0.016168
-0.203626
0.457672
-0.209143
0.314312
-0.023147
-0.001955
0.160826
0.055658
0.208314
0.299987
0.059269
0.119536
-0.456460
-0.220844
-0.307521
0.193612
-0.056986
-0.268024
0.143054
-0.294577
-0.164274
0.008148
-0.072537
-0.142073
-0.420533
-0.367276
0.358687
0.472408
0.595532
0.151156
-0.083339
-0.198163
-0.022402
0.054867
0.449707
0.265783
0.361771
-0.013649
-0.249081
0.018503
-0.347963
0.113111
0.468331
-0.390974
0.367288
-0.347573
0.287163
-0.209327
-0.123843
-0.056028
0.036750
0.281184
0.508914
0.515526
-0.308232
-0.340108
-0.322429
0.488543
0.457146
-0.421339
-0.062469
-0.273525
-0.212677
0.354914
0.220147
-0.310004
0.075965
-0.002610
0.004288
0.113853
0.336185
0.063119
-0.300355
0.293704
0.152711
-0.456382
0.448953
-0.019762
-0.077384
-0.067833
0.505846
0.518685
-0.247050
0.537499
0.493307
-0.245485
0.397788
0.339516
-0.497751
0.284272
0.477212
0.073124
-0.379635
-0.195459
-0.112321
0.197147
-0.210942
0.254823
-0.462972
0.221560
-0.151599
0.362813
-0.231080
0.030342
0.177971
0.491382
0.203994
0.236951
0.043029
-0.338847
0.650950
0.019725
0.526575
-0.371452
-0.310199
0.154581
-0.345853
-0.389228
0.221150
-0.043115
-0.367913
0.303004
0.470154
-0.440084
0.396166
-0.320579
0.139405
-0.351825
0.424504
0.169804
0.358097
-0.233534
0.078770
-0.272280
0.436325
-0.142137
-0.222938
0.145770
0.527966
0.185159
0.039982
0.330819
0.284621
-0.264092
0.318575
-0.387810
-0.288633
-0.155194
-0.023008
0.517260
0.204434
-0.092932
0.116790
0.017329
-0.121420
0.001835
0.193732
-0.484227
0.144871
0.120425
0.244929
0.109797
0.514288
-0.102502
0.359441
0.411726
0.122901
0.398176
-0.292659
-0.234784
-0.295461
-0.023645
-0.420338
-0.275090
-0.426376
-0.254577
0.037853
-0.185783
-0.040646
0.314932
-0.369544
-0.487576
-0.355274
0.245154
0.030430
0.022710
-0.257344
-0.268966
0.097572
0.482089
0.454024
-0.103304
0.097616
0.397597
0.098863
-0.348208
-0.067809
0.324255
0.225800
-0.007953
-0.307898
-0.291486
-0.175309
0.053025
0.073922
-0.097946
0.159700
0.408885
0.012797
0.469758
0.153516
0.144512
0.484980
0.298619
-0.115745
0.024417
-0.127357
0.212942
0.349222
0.504413
0.183781
0.223761
-0.305505
0.445488
-0.252210
-0.047632
-0.594655
0.166522
-0.049714
0.403249
-0.029349
0.384158
-0.252293
0.296248
-0.195369
0.127942
-0.495221
0.316403
-0.027242
0.022729
0.291050
-0.373532
-0.341656
0.277650
0.464649
0.131754
-0.093286
-0.122915
-0.169720
-0.354910
-0.334420
0.184443
0.026968
-0.395719
0.082409
0.365542
0.250988
0.230872
0.271239
-0.107265
0.240477
-0.261839
-0.346606
0.310214
0.354321
-0.180862
-0.118648
0.367321
-0.358252
0.354131
-0.121752
0.426936
0.524305
0.143807
0.322965
0.518264
-0.273372
-0.423721
-0.344314
-0.244604
-0.546398
-0.289165
-0.481564
0.156189
0.012696
0.271849
0.134343
-0.159968
0.015812
-0.110082
0.127766
-0.400087
-0.038589
0.160416
0.364272
-0.172408
0.485739
-0.254758
-0.319301
-0.378811
-0.350492
0.188134
-0.298562
-0.276790
-0.236342
0.317576
0.478622
-0.270007
0.225322
-0.347568
0.115633
0.388491
0.023026
0.193274
-0.006607
0.432645
-0.126258
-0.405500
-0.300613
0.257935
-0.155217
0.228716
0.327325
0.317747
-0.106171
0.191617
-0.371584
-0.135715
0.470076
-0.068880
0.154404
-0.299402
0.545367
0.140390
-0.324689
-0.395332
-0.141999
-0.304532
-0.053320
-0.242197
-0.109602
0.466811
0.428392
0.177990
0.027907
-0.101686
0.086008
0.304163
-0.113190
0.214475
0.047255
0.240450
-0.053291
-0.126148
0.041935
0.316818
-0.415570
0.261566
-0.147311
-0.333429
-0.302624
0.337697
-0.353037
0.552316
-0.098001
-0.191322
-0.307192
0.286987
-0.094841
-0.078222
0.239166
0.038803
-0.222196
0.168403
-0.280517
0.236223
-0.502011
0.264056
0.037079
-0.106903
-0.019050
-0.416684
-0.378925
0.402775
-0.041638
0.214562
0.356647
0.153120
0.027278
0.613018
0.158264
0.060227
0.341961
0.220493
0.056339
-0.337679
0.330764
-0.030787
0.133053
-0.465714
0.317802
-0.097119
0.072292
-0.447625
-0.468429
0.274503
0.292350
-0.463484
0.039586
-0.171683
-0.078155
-0.494555
-0.099549
0.055292
0.479627
0.447278
-0.148896
0.318531
0.021886
0.272539
0.337902
0.570270
-0.276018
0.028403
0.057124
-0.004936
-0.068101
-0.226198
0.454274
-0.404253
-0.206479
0.246901
-0.027636
0.360732
0.304679
0.008369
0.135246
0.096621
0.041133
-0.332480
0.415310
0.468427
-0.285609
-0.114416
0.106075
-0.267337
-0.182342
0.388436
0.456468
0.203782
0.008522
0.113152
0.057946
0.033951
0.491953
-0.432628
-0.459646
-0.064337
-0.177983
0.471634
0.017857
0.112942
0.222377
0.493110
-0.026159
0.026938
0.001708
-0.390941
-0.376471
-0.451763
-0.211001
-0.430744
-0.445555
0.021165
-0.069329
0.101307
0.163272
0.134611
-0.128754
-0.008809
-0.280395
0.290183
-0.436803
0.267935
-0.167882
-0.448934
0.322815
-0.144178
-0.020114
-0.357222
-0.170691
0.499241
0.256143
-0.448336
0.492471
-0.270302
0.075507
-0.011980
-0.169842
0.189973
0.027804
0.111217
0.236993
0.045214
-0.409646
-0.366717
-0.393092
0.205937
0.227262
-0.041134
-0.292899
0.460846
-0.233607
-0.232636
0.227139
0.090679
-0.186535
0.047504
0.446811
0.293753
0.190502
-0.223880
0.292995
-0.053773
-0.174101
0.280857
0.169529
0.396018
-0.233518
-0.498245
0.089922
0.298073
0.117424
-0.159727
-0.140646
0.216621
-0.014849
-0.013130
-0.039387
-0.250295
0.470739
0.178993
-0.284762
-0.264763
0.444653
0.440837
0.325895
-0.241743
-0.011550
0.272706
-0.447990
-0.321048
-0.451199
0.344733
0.125198
-0.123956
0.129617
-0.199018
-0.219080
0.406272
-0.186752
0.385214
0.219422
0.446238
-0.254162
-0.396133
0.194511
0.258171
0.109032
-0.335013
-0.488280
0.080048
0.343894
-0.273189
0.315294
0.288590
-0.332352
0.141188
-0.453153
0.156098
-0.086106
-0.401142
0.335050
-0.037280
0.443863
-0.039354
0.339351
0.074295
0.262953
-0.377422
-0.016169
-0.419205
-0.485193
-0.287355
-0.462594
-0.230761
-0.178018
0.235147
-0.470989
0.431338
0.400163
-0.459244
0.011386
0.244056
-0.232433
-0.173320
0.032647
-0.064784
0.467853
0.079407
-0.408925
-0.118634
0.177598
0.425491
0.343594
0.121581
-0.113062
0.184126
-0.303087
-0.350072
0.306040
0.179501
-0.269654
0.320881
0.392630
-0.231956
-0.409632
-0.285203
-0.496769
-0.380621
-0.353865
0.403394
-0.339865
0.157510
0.147479
-0.072295
0.484053
-0.320364
0.361808
0.449305
0.256227
0.450587
-0.169242
-0.064329
0.378410
-0.324712
-0.447665
-0.244151
0.347748
-0.258289
-0.094502
0.160454
0.432347
0.146022
-0.011059
0.329572
0.416353
0.079965
-0.455634
0.419481
0.199344
-0.309502
0.322931
0.359202
0.347583
-0.030051
-0.214452
0.330361
0.151040
-0.346164
0.292463
-0.074328
-0.381941
-0.378287
0.333159
0.449078
-0.247003
0.364295
-0.281908
-0.362261
-0.346296
0.162374
0.323456
-0.399432
-0.182047
-0.183436
0.431014
-0.265559
0.396625
0.475406
-0.345895
0.095793
-0.333611
0.476994
-0.044661
-0.481841
-0.039052
0.267056
0.389019
-0.339412
0.449346
0.177219
0.034015
0.489381
0.213903
-0.194485
0.419162
-0.491849
-0.264101
-0.286776
-0.306921
-0.074596
0.405339
-0.468784
0.029754
-0.277271
-0.152713
-0.039380
-0.042682
-0.255888
-0.062394
0.113821
0.346546
0.127803
0.139800
-0.121648
0.236350
-0.303129
-0.286713
0.135767
-0.193665
0.568262
-0.290894
0.215236
0.453056
0.341840
0.478302
0.392348
0.378712
-0.240095
-0.351649
-0.408524
0.187546
-0.451261
-0.379752
-0.282659
-0.228273
-0.031050
0.180767
0.239149
0.237579
-0.324606
-0.065142
0.179047
0.351211
0.537093
0.425753
-0.104496
0.500822
0.408359
0.339411
-0.326425
0.373502
0.425218
0.263425
0.271091
0.252613
0.251903
0.164546
0.118537
0.491001
0.296788
0.203332
0.177390
0.346191
0.327154
0.404401
-0.358391
-0.153433
0.161822
0.476872
-0.356007
0.276185
-0.246852
0.081422
-0.091380
-0.377535
-0.088847
0.266045
-0.334423
-0.102405
0.133654
-0.240876
-0.313498
-0.008181
0.457566
0.369388
-0.348006
0.138061
-0.004056
0.258326
0.126704
-0.205759
-0.030968
-0.179357
-0.323430
-0.144084
-0.183437
-0.105833
0.179747
0.320069
-0.390095
0.061761
-0.067862
-0.229454
-0.389765
0.367301
-0.026383
0.170005
0.244356
0.104006
0.452579
-0.254597
0.222173
0.459274
0.056712
0.052533
0.262124
0.190536
-0.311543
-0.240542
-0.042794
0.335447
0.089916
0.482831
-0.257671
0.294701
-0.248205
-0.183192
0.406673
0.236871
-0.421760
-0.461514
-0.179227
0.053317
-0.089219
0.140621
0.088610
0.389918
-0.322074
-0.356188
-0.211437
0.384801
-0.340137
0.350788
0.256217
0.192981
-0.099045
0.019009
-0.110201
0.106861
0.313185
0.401095
-0.001727
-0.122348
0.233983
-0.002928
-0.498611
0.411482
0.329367
0.419389
0.159459
0.420780
-0.438140
-0.293083
0.159928
-0.010383
0.193359
0.521946
-0.363731
0.104588
0.441228
-0.231025
-0.094918
-0.422266
-0.383497
-0.339635
0.273806
0.029606
0.205642
-0.294774
-0.350597
-0.045513
0.448422
-0.008405
0.294148
0.264386
-0.458855
0.242670
0.095640
0.328785
0.270702
-0.013810
0.457592
0.384154
0.047001
-0.105333
-0.361973
0.520184
-0.253090
-0.340696
0.066000
-0.329895
-0.074218
0.469150
-0.252539
0.045850
-0.362817
-0.469452
-0.447599
0.263724
-0.379919
-0.341652
-0.192540
-0.300041
0.151802
-0.517264
0.289664
0.146356
0.332362
0.116763
0.197443
0.187824
0.502758
-0.027632
-0.112249
-0.090066
0.274564
-0.035954
-0.101712
-0.490190
0.122238
0.462483
-0.323481
-0.457529
0.410774
-0.099921
0.030076
-0.524221
-0.117831
0.148392
0.402998
0.108823
0.274467
-0.434651
0.147145
-0.088343
-0.350633
0.177336
-0.223159
-0.412610
-0.242654
0.349600
0.163403
-0.299439
-0.203320
-0.474140
0.095484
-0.435311
-0.010907
0.492562
-0.428703
-0.395970
0.421629
-0.295402
-0.413788
0.286571
0.105638
0.241845
0.467769
-0.392947
-0.155642
0.228621
0.116520
-0.378026
0.397628
0.002894
0.242172
-0.296684
-0.293569
0.457377
-0.261958
-0.047320
0.316290
0.395511
0.145453
-0.391215
0.420762
-0.257611
-0.322975
-0.089606
-0.292191
-0.299527
-0.056003
-0.378476
-0.038436
0.185331
-0.390066
-0.329586
-0.141483
-0.556466
-0.301208
0.225108
0.301930
-0.454430
-0.439911
0.375108
0.079926
0.280516
-0.431780
0.289323
0.251134
-0.195690
-0.262154
0.064517
-0.300414
0.387184
0.185391
-0.364273
-0.378412
0.327785
-0.008905
-0.167301
-0.397612
-0.429039
0.074832
0.070064
0.146352
0.051303
0.194013
-0.407874
0.130931
-0.416031
0.480845
0.067862
-0.356116
-0.460656
-0.044362
0.221003
0.319293
0.016572
0.004956
0.065714
0.320288
0.251500
-0.343127
-0.442621
0.159085
0.323810
-0.348059
0.274265
0.175170
0.198299
-0.364134
0.208537
0.146170
0.113574
-0.197461
-0.082345
-0.205621
-0.360735
0.111491
0.496597
-0.280657
0.093876
0.068027
-0.161548
0.110489
-0.492657
-0.450145
-0.076575
0.022819
0.067755
0.523158
-0.095563
-0.124471
-0.295254
-0.050844
0.496812
0.481816
0.033205
0.187535
0.031610
-0.367721
0.261494
-0.190135
0.400627
-0.025512
0.201591
-0.131227
0.280420
0.305217
0.446654
0.239380
0.471267
-0.003218
-0.216816
-0.199725
-0.397277
-0.209596
-0.135110
0.064714
0.387554
0.518709
0.157090
-0.196261
-0.161850
0.227385
0.064277
-0.357025
0.025934
-0.507560
0.284957
-0.340353
-0.269178
0.124408
0.013567
-0.377446
-0.414852
-0.354068
-0.083004
0.284050
0.375818
-0.191301
-0.001721
0.340409
0.302711
0.282927
-0.345507
0.443022
-0.351103
0.122246
0.099851
0.544182
0.050118
0.546806
-0.412679
0.101873
0.057310
0.036389
0.240494
-0.306642
0.111836
0.080253
-0.151658
0.305759
-0.328289
0.258200
0.327182
-0.350240
0.319606
-0.311947
0.410273
0.189471
-0.005670
-0.090115
0.039872
-0.172434
-0.244818
0.290321
-0.140939
-0.087238
-0.198299
0.227247
-0.292444
0.105197
0.120943
-0.271721
-0.283393
-0.264335
0.272582
0.434124
-0.120618
-0.155008
-0.043974
0.101388
-0.463379
0.025267
-0.216648
0.315922
0.156549
-0.402519
-0.497890
0.067519
0.291738
0.011144
0.516361
-0.100626
0.401212
-0.216263
0.593956
0.600141
0.062020
-0.206954
0.268910
0.204044
0.322409
-0.190368
0.296723
0.413944
-0.074115
-0.000322
0.270454
0.189563
0.244544
-0.344904
-0.262530
0.250205
0.169928
0.017341
0.065189
-0.173142
0.116353
0.069909
0.403433
-0.066405
-0.391747
0.412690
0.281346
0.451466
-0.293030
0.404809
0.554373
0.143480
0.484939
0.068163
-0.432382
0.081026
0.208346
0.268943
-0.064963
-0.430371
-0.281788
-0.329192
0.232749
0.449348
-0.178828
0.469308
0.199603
0.491172
-0.012898
-0.237201
-0.184592
-0.395876
0.335400
-0.278513
0.034212
0.465510
-0.295916
-0.116435
0.404449
-0.265553
0.482690
0.115245
0.049307
0.258828
-0.420989
0.081108
-0.157945
0.278471
-0.150546
0.271129
0.343495
0.064059
0.439791
0.076048
0.013491
-0.239075
0.045307
-0.288671
-0.251693
-0.475892
-0.039957
0.044429
-0.388299
-0.202773
0.281917
0.147650
-0.285611
0.345312
0.312446
0.396036
0.407772
0.241619
0.041434
0.026919
0.064902
0.149069
-0.368985
0.417559
-0.066827
-0.018969
0.188399
-0.223656
-0.455204
0.128191
0.352391
0.057561
0.387883
-0.103174
0.271280
-0.356313
-0.064928
-0.242649
0.221219
0.069809
0.062730
-0.009637
-0.307994
0.253306
-0.159857
-0.447745
0.220580
-0.178707
0.345495
-0.212123
0.364435
-0.081215
0.441290
0.496442
-0.163498
-0.125587
-0.022677
-0.475098
0.150757
0.022119
0.153106
0.003315
-0.419340
0.042598
0.401175
0.352232
0.183803
-0.168686
-0.398295
-0.106184
0.392059
0.157782
0.383441
-0.406734
-0.075033
-0.263743
-0.346818
-0.350883
0.059340
-0.499594
-0.062333
-0.076223
-0.080809
-0.121034
-0.079782
0.255693
0.253379
0.397541
0.280595
-0.095864
-0.080340
-0.066313
0.407284
0.000065
0.475934
0.308179
-0.148149
0.159387
-0.361174
-0.047095
-0.446353
-0.467265
-0.386793
0.439121
-0.373188
0.038568
-0.324504
-0.219812
0.187766
0.234831
-0.219407
-0.374567
-0.341393
0.199784
0.004399
0.078825
-0.044523
-0.242222
-0.023634
-0.263929
0.161914
0.396026
0.169759
0.069198
-0.103909
0.145693
-0.122623
0.247942
-0.194920
0.016203
-0.299153
-0.141273
0.048938
-0.185946
-0.202151
0.175750
0.352622
-0.026655
0.455938
0.040389
-0.291825
-0.263469
0.165822
-0.133217
0.436315
-0.329779
0.445608
-0.108208
-0.072001
-0.078025
0.127863
-0.410086
-0.182000
-0.202378
0.159112
0.214091
0.443315
-0.463511
-0.037967
-0.251605
0.052692
0.162880
0.107122
-0.398370
0.476935
0.404971
0.277380
0.329557
-0.121684
0.233318
-0.130054
0.086491
0.469849
-0.464233
0.453105
0.405024
-0.295310
0.397579
-0.203321
0.132742
-0.179728
0.426068
0.224430
0.139775
-0.275704
-0.116612
-0.146678
-0.333245
-0.080498
0.314982
-0.084850
0.472194
-0.022138
-0.477727
-0.426176
-0.045203
0.427244
0.351204
-0.215646
-0.194509
0.083405
0.152535
0.388504
0.049433
0.184837
0.339944
-0.044711
0.391166
0.239837
0.255806
0.028379
-0.434959
0.184576
-0.245732
0.203928
0.407600
0.136766
-0.443131
-0.425495
-0.443539
0.371851
-0.010344
-0.471345
-0.150287
0.011929
-0.397521
0.304473
-0.061290
0.451540
-0.413800
0.239900
0.032617
0.237326
0.131205
-0.412941
-0.072245
-0.023357
0.048340
-0.174032
-0.275247
-0.188721
0.358914
-0.208555
0.495417
-0.386793
0.495146
0.403749
0.250319
-0.447833
0.478167
0.306693
0.424018
-0.032177
0.335348
-0.226477
0.478765
0.435723
-0.424641
-0.084900
0.387414
-0.336342
-0.339943
-0.073681
0.405943
0.295343
0.016608
-0.160947
-0.219429
-0.424629
0.172898
0.009192
-0.112829
0.032768
0.300917
-0.115812
0.146356
0.296422
-0.213056
-0.104156
0.347705
-0.235255
-0.297829
0.271523
0.231601
-0.463784
-0.456098
0.209542
0.473213
-0.377608
-0.369004
0.366874
-0.210407
-0.209414
-0.208570
-0.303299
-0.406722
0.318528
0.044612
-0.122003
0.394606
-0.282077
0.387568
-0.217314
0.250854
0.188174
0.164984
-0.104931
-0.017475
0.450893
0.290319
-0.169970
-0.284762
0.492135
-0.398778
0.446899
-0.470831
-0.353058
0.160739
-0.493521
-0.229938
0.287910
0.368082
0.058032
-0.414402
-0.330057
0.263441
-0.317621
0.488646
-0.192273
0.060577
0.383822
0.025783
-0.052628
-0.335294
-0.225665
-0.366363
0.328721
0.169177
0.116133
0.279460
-0.040960
0.445606
0.494061
-0.048651
-0.452115
0.443857
-0.017083
-0.305436
0.100569
-0.015493
-0.036913
-0.104952
-0.138593
-0.471203
-0.017512
0.031388
0.291253
0.164105
0.019556
-0.400827
-0.275512
-0.096835
0.124136
0.170987
0.067269
0.398471
0.304625
-0.104346
0.067259
-0.079971
-0.325180
-0.473439
-0.133497
-0.330308
-0.021384
-0.087393
-0.389179
0.458598
0.108402
0.216859
-0.049258
-0.422208
-0.386428
0.312307
-0.393857
0.095737
-0.156281
0.398382
-0.239082
0.364016
0.497875
-0.014743
-0.233120
0.122011
-0.343756
0.333836
0.019858
0.460140
-0.270291
-0.412542
-0.119297
-0.095906
-0.386504
0.245574
0.072691
0.090949
-0.338358
0.188399
0.056080
0.275040
-0.091002
-0.491019
0.353500
0.022787
0.321295
0.460538
-0.379989
-0.334066
0.359285
-0.119330
-0.470050
0.357159
0.365927
-0.203416
-0.021387
-0.478408
-0.369196
0.498580
0.481192
-0.141034
-0.415582
-0.138376
0.262916
-0.300724
-0.390169
-0.160434
0.295092
-0.223825
-0.465898
-0.143984
-0.446586
-0.056861
-0.135924
0.406946
0.466868
-0.313428
0.367977
-0.413380
-0.147494
0.227262
-0.032710
-0.117789
0.083891
-0.167410
0.178097
-0.437848
-0.146402
0.308126
-0.439416
-0.164456
-0.332195
-0.352571
0.198540
0.434274
-0.149429
0.313385
-0.220570
-0.348612
-0.405864
-0.184598
0.007717
-0.352286
0.259606
0.372959
-0.444613
0.226557
-0.440200
0.423364
0.313177
-0.087743
0.150278
-0.220081
0.293364
-0.266548
0.112271
-0.028050
-0.203114
0.467473
-0.217444
-0.140153
-0.194632
-0.047436
0.009601
-0.492366
-0.109004
0.364997
0.325382
0.174621
-0.481073
0.421376
0.491303
0.027741
-0.430111
0.251439
-0.098694
-0.374725
-0.022004
-0.038724
-0.451516
-0.209708
0.371995
0.197957
0.071355
0.167476
0.433432
-0.315885
-0.358897
-0.268321
-0.346745
-0.074929
0.092332
-0.040573
0.379068
-0.394506
-0.029847
-0.225339
0.473856
-0.200646
0.451484
0.494172
-0.278413
0.443601
0.022588
-0.208525
0.195040
0.424065
-0.083405
-0.327810
-0.115896
-0.035199
-0.035684
-0.241728
-0.335439
-0.464335
0.426375
-0.401692
-0.279585
-0.432082
-0.168963
-0.126179
-0.007459
0.423781
0.334900
-0.124715
-0.466615
-0.190686
0.153421
-0.490985
0.109736
0.105637
-0.496138
0.331323
0.049238
0.026621
-0.377285
-0.256599
-0.050307
0.038772
-0.082748
0.335073
-0.494629
0.381606
-0.405818
-0.330346
0.417281
-0.480172
-0.232169
-0.362923
-0.413022
0.097331
0.011159
0.081770
0.025653
-0.149430
0.461475
0.061448
0.161323
0.115899
0.071064
-0.228746
-0.278464
0.075146
-0.397384
0.269943
-0.399299
-0.275840
-0.486260
0.051005
0.264673
-0.067752
-0.112500
0.269913
-0.186202
-0.019107
0.438724
-0.270340
-0.001347
-0.295209
-0.133738
0.087324
0.306455
0.382849
-0.325622
-0.164691
-0.264678
-0.363038
0.397424
0.397221
0.253111
-0.031042
-0.331731
0.473985
-0.457343
-0.230776
0.243037
-0.358111
-0.006130
0.259716
0.196820
-0.238716
-0.307302
-0.416645
-0.470246
0.004163
0.060403
0.466050
0.233856
-0.437753
-0.323029
-0.393006
0.155587
0.486786
0.491282
0.330764
-0.177370
-0.272884
0.467976
-0.279597
-0.375960
0.220318
0.188386
-0.209006
0.192330
0.228175
0.060556
-0.061583
0.375509
-0.440865
-0.300513
0.071129
-0.183223
-0.111503
0.151866
-0.153572
0.396281
-0.280623
-0.179620
0.136392
-0.213479
-0.000317
0.244678
0.442739
-0.013127
0.236341
0.273753
0.309634
0.463154
0.240845
-0.471008
-0.414641
-0.041193
0.213387
-0.126039
-0.346613
-0.053308
0.438688
0.093246
-0.177347
-0.504475
0.291821
0.394500
-0.183112
-0.312468
0.055353
0.171167
-0.410910
0.277847
0.493275
0.226900
-0.435023
-0.006497
-0.028421
-0.492307
0.480507
-0.292317
0.281599
0.289665
-0.330186
0.020129
0.315706
-0.247265
0.479967
0.033508
0.132008
-0.363874
0.482273
0.072444
0.233198
-0.189552
0.076354
0.033618
-0.286451
0.398923
0.225013
0.271062
0.071708
0.315402
0.049519
0.065256
0.042303
0.114496
-0.441245
-0.486350
0.122125
-0.461194
-0.279157
-0.098129
0.326456
-0.111665
0.421484
0.143903
0.144924
0.405535
-0.317924
-0.217780
-0.450885
-0.327987
0.362879
0.288430
-0.012068
-0.057335
-0.175409
0.202437
-0.157648
-0.449746
-0.026195
0.414060
0.365657
-0.476677
-0.020685
-0.092041
0.137819
0.038213
-0.077666
-0.239330
0.077936
0.143718
0.163697
-0.093729
-0.464659
0.089121
-0.445561
0.185120
-0.000572
-0.259433
0.471016
0.050648
-0.085759
0.334949
-0.160080
0.402217
-0.222386
0.164511
0.104654
0.119965
0.214766
-0.421542
0.034025
0.080422
-0.398218
-0.486659
0.488664
0.240085
0.051899
-0.089018
0.500324
-0.370827
-0.445935
0.163543
0.034848
-0.410816
-0.247570
0.089481
0.274316
0.251870
0.330142
0.245415
-0.197399
-0.255575
0.080364
0.142521
-0.353359
0.357978
-0.192968
0.251295
-0.022057
-0.478202
0.329754
-0.488032
0.102149
0.431463
-0.474763
0.090602
0.171135
0.076724
-0.499176
0.170766
0.205347
-0.445563
-0.166143
-0.259805
-0.356420
0.086246
0.329676
0.417979
-0.161801
0.159901
0.163394
0.140800
0.404326
-0.256242
-0.216679
-0.449033
-0.398265
0.090354
0.302262
0.079678
0.112152
0.132015
0.091647
-0.285627
0.063550
0.116955
0.304975
-0.265314
-0.306321
0.305799
0.405452
0.399026
0.360237
-0.260691
-0.360779
-0.496142
0.325596
0.468939
0.421837
-0.336204
0.128840
0.085230
0.304596
0.033165
0.328988
-0.412083
0.084132
0.430723
0.178271
-0.113606
0.010402
-0.209577
-0.481839
-0.398199
0.004681
0.081845
0.219004
-0.190229
0.316645
0.412683
-0.384429
0.222097
0.311709
0.475807
0.461406
0.450930
0.479666
0.287003
0.419869
0.401503
0.450798
0.048708
-0.013263
0.255398
-0.418227
-0.184452
0.342377
0.164021
-0.256154
0.018469
-0.450371
0.254812
0.310533
-0.430865
0.357099
-0.184185
0.152673
0.078101
0.126670
-0.030534
-0.009654
0.241906
-0.308489
-0.197710
0.217951
-0.347083
-0.246780
0.197616
0.439929
-0.326962
0.099034
0.390660
0.221696
-0.414677
0.143466
0.297672
-0.108575
-0.021134
-0.036467
0.147497
-0.486375
0.024865
-0.092620
0.326360
0.097384
-0.232828
-0.357774
-0.253026
0.342112
0.266076
0.214853
-0.167991
0.008530
0.406575
0.134528
-0.273519
-0.440498
0.387862
0.424154
0.499675
-0.439277
0.020313
0.382232
0.266314
0.088153
0.014084
0.066672
-0.498038
-0.478849
-0.444842
0.157881
-0.460832
0.084976
-0.426897
0.369916
-0.322996
-0.168004
0.501953
-0.082352
-0.331232
0.265895
-0.368347
0.001178
-0.225583
-0.461771
-0.363998
0.000642
-0.401456
-0.475231
-0.076947
-0.413593
-0.440230
0.401002
0.416519
0.286857
-0.013643
-0.028734
-0.086065
0.039442
0.024404
0.001168
-0.265841
0.104013
-0.391222
-0.191410
-0.042591
-0.236914
0.118170
-0.055088
0.174785
0.286326
-0.289080
0.306450
-0.212232
-0.013129
0.349902
-0.065046
0.494653
0.445760
-0.056293
-0.118820
-0.535666
-0.087591
-0.266105
-0.580944
-0.202303
0.327202
-0.021391
0.300965
-0.015152
-0.352568
-0.072972
0.270567
0.229726
-0.027146
-0.492142
-0.369051
0.205760
0.118712
0.075875
-0.119423
-0.094266
0.291864
-0.294796
0.222310
-0.187997
-0.433862
-0.367102
-0.277288
0.373267
-0.071465
0.030060
-0.605619
-0.498523
-0.528725
-0.486260
-0.020940
0.469526
0.166744
-0.062503
0.012863
0.252469
0.240368
-0.347105
-0.123861
-0.349968
-0.357051
0.007080
0.358441
0.266609
-0.403188
-0.233251
-0.279215
0.423224
-0.031185
0.366678
-0.396295
-0.129178
0.342141
-0.230679
-0.190010
-0.073995
-0.497024
-0.067393
0.164343
-0.319026
0.094674
-0.271321
-0.365348
-0.366207
-0.000525
-0.017250
0.263466
-0.333291
0.115694
-0.359393
-0.174585
0.272674
0.172749
-0.277987
0.083506
0.290185
-0.062890
0.179354
0.066646
0.286048
0.000141
0.181423
-0.270712
-0.046750
-0.389657
0.224261
-0.380550
-0.211349
-0.230201
0.273312
-0.140120
0.168301
0.323961
-0.153776
0.212134
-0.224939
0.322360
-0.016517
-0.045886
-0.042649
0.150476
0.307092
-0.240646
-0.189366
0.430320
0.215978
0.516630
-0.099820
-0.034741
0.124138
-0.331337
0.397637
-0.176197
-0.007111
0.021198
0.011828
-0.253937
0.077994
0.179386
-0.166939
-0.293409
0.458688
0.476647
-0.468915
-0.177656
0.205373
-0.179396
-0.336155
-0.288935
0.284129
0.120629
0.315099
0.012305
0.311742
-0.317355
0.087191
0.114066
-0.339934
0.280502
0.361902
0.180012
0.511523
0.406348
0.500321
-0.057919
-0.171372
-0.075873
0.075880
0.318824
-0.404357
0.443659
-0.426788
-0.412068
0.439864
-0.382871
-0.076052
0.159781
-0.058830
0.069736
0.330361
-0.304008
-0.281868
0.277105
0.334098
0.521589
0.218264
-0.444313
-0.132617
0.304424
0.502714
-0.088124
-0.045708
0.370702
-0.345043
-0.142522
-0.242947
-0.052392
0.315867
0.402428
-0.161624
0.446555
0.362732
-0.079725
-0.455519
0.308899
0.036005
-0.039870
-0.037477
0.472671
0.597171
-0.072878
-0.248612
-0.306695
0.306111
0.156675
-0.478747
0.175129
0.540459
0.099450
-0.072996
0.320330
0.259339
0.230819
0.136615
0.398541
-0.364163
0.472743
-0.084109
0.481637
0.386370
0.258228
0.433305
0.250551
-0.314197
0.495945
0.099724
0.267896
0.026658
0.626520
0.226711
-0.106611
-0.351138
0.122984
0.035185
-0.217707
0.188280
0.263682
0.353531
-0.048763
-0.432391
-0.420197
-0.315409
0.287726
0.330010
0.374369
0.243505
0.488972
0.355180
-0.337900
0.474770
0.244540
0.441613
0.464090
0.070695
-0.313411
0.481270
-0.330663
0.336426
-0.253047
-0.559922
-0.149989
0.235764
-0.057630
-0.148012
-0.057046
0.088276
0.226174
0.330183
-0.334805
-0.484256
0.314715
-0.269813
-0.282651
0.146208
-0.419834
-0.400684
-0.108412
-0.430538
0.446828
0.079266
-0.375651
0.289664
0.069074
0.534773
-0.216002
0.097630
0.276595
-0.315551
-0.136406
-0.317731
-0.053163
0.484024
0.478690
0.196770
0.449075
0.486619
0.455423
-0.038783
0.210966
-0.401604
-0.011891
0.067234
-0.151445
0.212226
-0.285402
-0.072886
0.302454
0.120466
0.056035
0.337951
-0.259400
0.099733
-0.020330
0.117439
-0.057002
0.130940
-0.241631
-0.084717
0.559320
0.218008
0.042226
-0.244608
-0.186703
-0.401729
0.115286
-0.441979
-0.508619
0.079732
0.058417
0.251194
0.203096
-0.444174
-0.180152
-0.452412
0.251099
0.028627
-0.002909
0.102234
-0.346016
0.439242
-0.222556
-0.288622
-0.053450
0.297374
0.487109
0.610896
0.100504
-0.258106
-0.126925
-0.135510
0.110577
0.066400
-0.125507
0.308131
0.152128
-0.431891
0.446866
0.203288
0.176003
0.015813
-0.042786
-0.127962
0.049646
0.246714
-0.100903
-0.205144
-0.278287
0.268281
0.249149
-0.197318
0.301675
-0.214510
0.324090
0.020809
-0.350520
0.197444
-0.100219
-0.025139
0.200137
0.078141
0.266439
-0.150627
-0.251898
-0.224321
-0.238988
0.458293
-0.133484
-0.286074
0.162591
-0.466002
0.202474
-0.426098
-0.148366
-0.296646
0.247267
0.160999
-0.049291
-0.420631
0.214382
0.117337
0.257689
0.223076
0.297831
-0.166436
-0.512439
0.290724
-0.509276
-0.133391
-0.145033
0.321877
-0.400933
-0.236709
-0.232085
-0.108512
0.052897
0.030786
-0.151715
0.409653
0.217298
-0.536235
0.365441
-0.153814
-0.510390
-0.280055
0.134486
-0.533760
-0.242872
0.026109
-0.142559
0.525240
0.399943
0.291370
0.046882
0.188046
-0.278750
0.141710
0.149545
-0.136690
-0.347872
-0.384360
-0.243755
-0.218353
-0.112013
0.025373
0.171406
0.431495
-0.467794
-0.523009
0.262755
0.167678
-0.593484
0.199640
-0.294052
-0.343027
-0.222069
-0.321463
-0.206328
-0.056894
-0.092649
-0.145618
-0.140467
-0.140318
-0.221144
-0.444506
-0.275902
0.127517
0.293414
0.443295
-0.468111
0.461596
-0.433338
-0.210482
-0.257703
-0.051873
0.297445
0.377079
-0.178892
0.267493
0.337602
-0.309571
0.130366
0.478373
-0.355060
0.516819
-0.297702
-0.216473
0.449619
-0.209071
0.162064
-0.087707
0.249154
-0.352531
0.397048
-0.394396
-0.248320
-0.339098
0.256760
-0.447512
-0.390655
0.290125
-0.486017
-0.326575
-0.427311
-0.261865
0.093927
0.344800
-0.355136
-0.476506
0.270460
-0.349246
-0.160626
-0.003785
-0.357122
-0.121608
-0.124498
-0.290610
0.117153
-0.130878
0.060531
-0.144412
0.342161
-0.151257
0.030102
0.268062
-0.030100
0.284929
0.431024
-0.272289
0.337313
-0.460422
-0.482219
0.351066
-0.282762
-0.389606
-0.362455
0.385782
0.533086
-0.167080
0.413199
0.309923
-0.044939
-0.279833
-0.245403
0.018096
0.019942
0.075176
0.205975
-0.352516
0.456328
-0.216831
0.024023
0.320089
0.144587
-0.442703
0.088805
-0.384976
0.342097
0.019714
-0.156020
0.185617
0.076575
-0.106084
0.085434
0.341986
0.025717
0.208322
0.175630
0.005037
0.478374
0.042840
-0.260308
-0.186467
0.121509
-0.126603
0.276240
-0.351233
0.474593
0.012314
-0.175282
0.450727
0.306862
0.352032
0.271387
-0.048121
0.409329
-0.139808
0.068008
0.254189
0.387785
0.424705
-0.046139
-0.027636
-0.194383
0.499451
-0.252249
0.251446
0.120117
0.349180
-0.313967
0.019623
-0.170846
-0.122435
0.333719
0.481607
0.285404
0.143199
-0.343697
0.273681
-0.338518
-0.017616
0.224562
0.468549
-0.165584
-0.004051
-0.079571
-0.256152
0.356448
0.487924
0.496141
0.237436
0.399347
-0.069655
-0.318178
-0.325580
-0.102911
-0.097296
0.405382
0.498745
-0.261415
-0.423619
0.017015
0.070498
-0.040441
-0.141142
0.060023
-0.251008
-0.496718
0.216548
-0.477405
-0.335236
-0.301067
0.247157
-0.366686
0.033348
-0.256894
0.053743
0.277093
-0.400753
0.041075
0.272392
0.335409
-0.061955
-0.301113
-0.488212
0.105223
0.087725
-0.095044
0.000659
0.078877
0.138513
0.074408
-0.405152
-0.290722
-0.465817
-0.046327
0.269301
-0.216825
-0.043045
-0.014150
-0.194230
0.121719
0.184782
-0.447074
0.255033
-0.281870
-0.203966
-0.191255
0.495052
-0.104893
0.349715
0.267878
-0.269050
-0.211937
0.466405
-0.257646
0.393051
0.054148
0.147397
-0.106239
-0.366911
-0.214054
0.468185
-0.272048
-0.004776
-0.497632
0.181625
-0.235475
-0.214457
-0.361421
0.250358
0.091276
0.260263
-0.064952
0.143815
0.014683
0.152112
0.439773
0.324217
0.149605
-0.164658
0.171159
-0.089332
0.059974
0.455916
-0.121097
0.306385
0.353624
0.436280
-0.043929
-0.251303
-0.430040
0.242097
-0.283065
-0.202088
-0.262683
-0.280697
0.479480
0.001683
0.004718
-0.382182
-0.248983
-0.406218
0.374296
0.181579
0.236576
-0.108209
-0.160170
0.175466
-0.296103
0.466662
-0.504569
0.372963
-0.108279
0.074725
0.349223
0.286505
-0.108990
0.208705
0.224785
0.347330
0.457394
0.294743
0.089420
-0.325674
-0.407508
0.325702
-0.108126
-0.430587
-0.178976
0.387507
-0.317440
0.081349
0.501232
-0.418272
-0.221509
0.232601
-0.036704
0.113785
-0.076915
0.186121
0.100785
-0.062665
0.076249
-0.495140
-0.485494
-0.074289
0.291457
-0.094445
-0.365530
0.016045
-0.247118
-0.408174
-0.190865
0.337947
-0.240082
-0.108444
0.147325
0.131158
-0.052256
0.484680
0.053694
0.164171
0.074165
0.044797
0.242867
0.358554
-0.184996
-0.280593
-0.032247
0.216686
0.392961
-0.439194
-0.362449
-0.050708
-0.442855
-0.350036
0.375478
0.348144
0.055473
-0.490609
-0.138033
0.302809
-0.406993
0.159034
0.122642
-0.162553
-0.445916
-0.190106
-0.476419
0.032740
-0.225596
0.031279
-0.325047
0.364850
-0.370039
0.445298
0.227770
-0.072601
-0.337519
-0.296172
-0.368447
-0.471333
-0.247979
-0.233642
-0.020985
-0.191441
-0.083765
-0.146124
-0.343517
0.467968
-0.139969
0.012982
0.265077
-0.046965
-0.310574
-0.069748
0.317206
-0.268378
0.189946
0.311034
0.279358
-0.459996
-0.072278
-0.476768
0.431802
0.066859
-0.504115
0.203539
-0.490987
-0.349412
0.404068
-0.354828
-0.315720
-0.343623
-0.087760
0.163299
-0.033774
0.328692
-0.480363
0.123211
0.299678
-0.117814
-0.357235
0.073201
0.321760
-0.195240
-0.512736
0.169924
0.104280
0.242559
0.012264
-0.106775
0.280615
0.453787
-0.026987
0.282128
0.067174
-0.017628
-0.001889
0.094849
0.147096
-0.095316
0.240717
0.331434
0.061075
-0.346159
-0.000364
-0.467385
0.484433
0.014736
0.130660
0.250665
0.368882
0.270911
-0.123959
0.283644
-0.331843
-0.136854
-0.107976
0.188926
-0.423796
0.429584
-0.333393
0.448521
0.451372
0.160482
0.250708
0.044318
-0.337988
-0.247978
-0.360433
0.308782
0.156561
0.380187
0.145928
-0.276758
-0.465945
-0.373648
-0.297615
-0.533746
0.112672
0.391714
0.353078
0.124018
0.223423
-0.362054
-0.251367
0.255160
-0.035831
0.182767
0.041640
0.138187
0.176559
0.223599
0.101437
0.145777
-0.102265
-0.146784
-0.310007
0.058825
0.105471
-0.170905
-0.128426
-0.235213
-0.299276
-0.528458
-0.095911
-0.335828
-0.400712
0.240117
-0.173659
0.358186
0.138671
-0.491867
-0.216933
-0.261320
-0.358316
0.102042
-0.398245
0.192850
-0.169830
0.144888
-0.167567
-0.488118
-0.126335
0.433222
0.157196
0.269567
-0.214994
0.346472
-0.168433
0.388956
-0.343263
0.134371
-0.448853
-0.227290
0.149619
0.167424
0.172901
0.395220
-0.135662
0.313588
0.076908
0.411067
0.366430
0.468443
-0.239042
-0.423009
0.097475
-0.143486
0.264233
0.426745
-0.497713
-0.403503
0.438381
-0.125360
-0.472387
0.093022
-0.355495
-0.190744
-0.088717
-0.107823
-0.418134
-0.018420
-0.381005
-0.113774
-0.459689
0.422715
0.477989
0.038783
0.162423
-0.204001
-0.036562
-0.122494
-0.186849
-0.115723
-0.137778
0.071239
-0.041763
0.459017
0.427800
-0.277186
0.385606
0.429313
-0.182556
0.320882
-0.199106
-0.163468
-0.119540
-0.137116
0.023029
0.220166
0.381733
0.389937
0.017079
-0.354789
-0.301183
-0.121051
0.399667
-0.319805
-0.416539
0.229203
0.072942
0.088420
-0.379577
0.388070
0.472059
-0.017216
-0.040872
-0.069368
-0.058482
-0.114151
0.150485
-0.176709
-0.191920
0.456131
-0.379194
0.044029
-0.287554
-0.011452
-0.433631
0.535404
-0.007921
-0.458079
0.304468
0.289729
-0.469208
-0.449034
-0.127359
-0.394522
-0.183003
-0.002938
0.350009
0.394811
-0.413307
0.471227
0.282597
-0.441021
-0.046571
-0.260553
-0.015899
0.386276
0.114838
-0.372941
-0.299443
0.404613
-0.421709
-0.126322
0.115215
0.033342
0.521114
0.158218
-0.149837
-0.226174
0.076683
-0.264695
-0.235795
0.255956
-0.127358
0.188250
0.383852
0.197866
-0.311037
0.235356
0.093240
-0.224082
0.205899
-0.128747
-0.173806
-0.353064
0.095975
0.303186
-0.455173
-0.258148
0.491212
-0.163573
-0.209078
-0.291109
0.214457
0.239527
-0.054686
0.013825
-0.159030
0.394019
0.447700
-0.458346
-0.275944
-0.226804
0.328307
0.107087
0.466872
0.213836
-0.194124
-0.343718
-0.052434
0.391059
-0.080476
-0.363902
-0.255106
0.241664
-0.189326
0.414672
0.140474
-0.050173
-0.253086
0.159666
0.181042
-0.212878
0.073452
-0.250416
-0.459371
-0.381848
0.379106
-0.018254
-0.397283
0.388907
0.054656
-0.162183
-0.332237
-0.115626
0.445610
-0.365237
-0.404409
-0.259646
-0.227776
0.018621
-0.389161
0.189778
0.199902
-0.052301
0.027142
-0.424595
-0.121632
-0.381598
-0.118427
-0.105263
0.088205
-0.479576
0.246263
-0.255724
-0.169996
0.363197
-0.060668
-0.235802
-0.123865
0.054477
-0.342680
0.431495
0.392421
-0.175041
-0.188588
0.322548
-0.063368
-0.119838
-0.454614
0.213898
0.452830
-0.257679
-0.021707
0.176074
0.183233
0.444479
0.140309
0.423097
-0.473437
-0.431954
-0.089668
0.153643
-0.395944
-0.285599
0.461372
-0.017556
-0.390947
-0.084392
0.251517
-0.013852
0.469967
0.408924
-0.086465
0.345278
-0.291557
0.198755
0.153760
0.162521
-0.366664
0.272607
-0.068604
-0.393840
-0.478284
0.379611
0.220318
0.157619
0.378504
-0.035484
0.163302
0.402701
0.019800
-0.391524
0.106227
0.166704
-0.146870
0.084734
-0.342539
-0.035211
-0.499549
0.408899
0.447893
0.457216
0.293454
-0.161804
0.296284
-0.467572
-0.408950
0.019208
0.238874
-0.254041
-0.191950
-0.337356
-0.168673
-0.154639
-0.365554
-0.351627
-0.456998
0.470792
0.075906
0.218801
0.410292
-0.367604
0.354794
0.033940
0.309269
-0.288480
-0.380853
0.466402
0.174672
-0.387411
0.358696
0.107900
-0.429571
0.177517
0.489321
0.421216
0.254785
-0.389096
-0.042754
-0.016043
-0.154526
0.287628
0.209341
0.218795
-0.368625
0.275270
0.325860
-0.325905
0.271760
-0.070176
0.414476
0.196399
0.070493
0.271888
-0.269105
-0.120649
0.482982
-0.152304
-0.160770
0.150546
-0.040231
-0.292166
-0.225675
0.042705
0.400968
-0.231139
-0.046839
0.123407
-0.152322
0.418668
-0.352898
0.226289
0.212925
0.321417
-0.072486
0.344164
0.112073
-0.230658
-0.468850
-0.107630
0.203693
0.446748
-0.411049
-0.226072
0.218473
-0.180193
0.151680
0.198104
0.163095
0.486174
-0.152740
-0.377068
-0.296084
0.130723
0.168809
-0.397380
0.399602
-0.334228
0.286714
-0.190027
-0.383329
0.437559
-0.464847
0.331694
0.267058
-0.029199
0.183750
-0.116488
0.242122
0.215490
0.275863
-0.054207
0.162239
0.364814
0.218880
-0.120297
-0.316120
-0.126815
-0.416044
0.357174
-0.126265
-0.055135
0.488951
0.085074
-0.412580
0.191114
0.226089
-0.474424
0.373964
0.016873
-0.165704
0.490323
-0.041133
-0.124590
0.328020
-0.271356
0.347139
0.011992
0.112156
0.089260
-0.272517
-0.111981
-0.464947
0.389776
-0.247067
0.254893
-0.229291
-0.062375
-0.372193
-0.145902
-0.206924
0.000972
0.298837
-0.213215
-0.407799
0.391952
0.479512
0.318409
0.416736
0.352912
-0.163409
-0.246814
0.346010
0.296793
0.128892
0.174058
-0.474563
-0.023970
-0.313950
0.137593
-0.434709
-0.086467
-0.474387
-0.399656
-0.196746
-0.221554
0.355119
0.073851
0.215910
0.482866
0.427314
-0.492072
-0.017296
0.225565
-0.205943
0.074596
0.117172
-0.226849
-0.107363
0.033647
-0.373682
0.229517
0.286815
0.472328
0.026310
-0.084293
0.146386
0.051747
0.391744
0.332456
-0.310576
0.457225
-0.253573
-0.283832
-0.441055
0.050977
-0.005253
0.413357
-0.376339
-0.290761
0.395684
-0.449251
-0.281823
-0.121328
0.276422
0.011616
0.452742
-0.106797
0.284525
-0.154678
0.426825
0.410843
-0.425161
0.213640
0.383192
0.101147
-0.370569
0.029655
-0.346799
-0.478356
-0.135545
-0.153452
0.484823
0.116389
0.065907
-0.453654
-0.327818
-0.429571
0.468919
-0.199079
-0.220994
0.358604
-0.158954
-0.016840
-0.275731
-0.392356
0.488778
-0.325882
-0.000116
0.273145
0.019454
-0.073291
0.184010
0.094382
-0.359275
0.067617
-0.304344
-0.227576
-0.398454
-0.147201
-0.204442
-0.039780
0.190159
-0.223278
-0.413800
-0.218584
-0.148073
-0.225964
-0.153894
-0.208040
0.029191
0.073168
-0.393336
0.339803
-0.463202
-0.182541
0.441543
-0.475853
-0.008715
-0.058617
0.297257
-0.489607
0.366643
-0.022136
0.102462
-0.488785
-0.449079
0.297076
-0.217598
-0.341759
-0.339287
0.078625
0.105609
0.334106
0.357999
0.214992
-0.340464
-0.292619
0.433062
-0.086710
-0.084082
-0.092875
0.444643
-0.010220
-0.266688
0.479317
0.307409
-0.325136
-0.496097
-0.201718
0.112180
0.293909
-0.192693
-0.005655
-0.222699
0.388925
-0.021329
-0.160643
0.220871
0.281507
-0.010763
0.378715
-0.100447
-0.332757
0.321407
-0.204290
0.324571
0.334446
-0.143856
0.165753
-0.315684
0.213343
-0.457238
-0.380406
-0.295180
-0.223708
-0.400940
-0.488818
-0.053465
-0.404715
-0.189995
-0.426771
0.374409
0.082115
0.044302
-0.259184
0.111497
-0.369202
0.069364
-0.207844
0.340466
0.500887
-0.302915
-0.253923
-0.352845
0.346720
-0.144788
0.325844
0.105750
0.148130
-0.037411
0.282138
-0.131935
0.007214
0.400289
0.066616
0.269218
-0.518524
0.053527
-0.288094
-0.433473
0.336090
-0.185374
-0.430683
0.059647
0.346369
-0.357576
-0.550194
0.254738
0.060644
-0.317260
0.118386
0.121871
-0.144604
0.322185
0.230319
-0.289135
-0.307734
0.085441
0.337304
0.357730
-0.445443
0.115396
-0.287235
0.032162
-0.021032
0.244008
-0.192429
-0.013141
-0.139801
0.103575
0.140998
-0.246295
0.268943
-0.039243
0.048387
-0.006636
0.099108
0.155781
-0.024217
-0.101046
-0.433348
-0.202551
-0.323913
0.023051
-0.291081
-0.499974
0.294034
-0.067565
0.091932
0.123151
-0.228577
0.109232
-0.300785
-0.036922
-0.309958
0.279086
-0.126354
0.107652
-0.189880
0.123395
-0.503553
0.176834
0.196950
-0.675796
-0.122845
0.128295
0.135737
-0.229452
0.030393
-0.156283
0.354466
0.227870
0.248822
-0.345279
-0.164542
-0.499127
-0.340343
-0.380803
-0.087111
0.218859
0.212602
0.189678
-0.068064
-0.387807
-0.119416
0.208276
0.316902
-0.002463
-0.418769
-0.532258
-0.354023
-0.257979
-0.524860
-0.303866
-0.219718
-0.014895
-0.556204
-0.429097
0.421442
0.102559
0.028499
0.398523
-0.092990
-0.182232
-0.441138
0.232520
-0.194764
-0.297222
0.352867
0.265348
0.548850
0.270558
0.114295
-0.019965
0.200619
0.201643
0.439742
-0.074442
-0.189307
-0.269320
0.089352
0.046230
-0.048368
-0.014888
0.187398
0.307807
-0.379627
0.256386
0.471617
-0.381513
-0.092814
0.022673
-0.478882
0.306067
0.331746
-0.416845
0.071105
-0.271176
-0.071414
0.086610
0.520366
-0.138319
-0.364200
-0.054046
0.251866
0.359802
-0.242381
0.303722
-0.227554
-0.071002
0.284636
0.141500
0.347717
-0.193711
-0.246708
0.158995
-0.336254
-0.101733
-0.062310
-0.356114
0.019972
0.341032
0.164324
0.054166
0.196519
0.099484
0.254431
-0.161966
0.230804
0.455108
0.193052
0.208379
-0.050876
0.450709
0.659752
0.522629
0.024898
-0.385347
-0.025923
0.009193
-0.100477
-0.164272
-0.207618
-0.150694
0.158575
0.043513
-0.482785
0.326066
0.444395
-0.046752
0.469329
-0.019547
-0.158317
0.223481
-0.377670
0.514691
-0.310970
0.154911
-0.248083
0.489004
0.362245
0.584738
0.105289
0.422213
0.076959
-0.173370
0.032253
0.348568
-0.133090
-0.352931
0.064746
0.374258
0.009751
0.358335
-0.267439
-0.331171
-0.096529
-0.251893
0.493095
-0.143084
0.235699
0.526159
0.385103
-0.434981
0.110904
0.339261
0.558566
0.460354
0.250167
-0.085067
0.263709
-0.346282
0.439917
0.347782
0.129788
-0.113150
-0.252940
-0.063714
-0.004805
0.238798
0.124581
-0.429864
0.123092
-0.367122
0.428595
0.353137
-0.204576
-0.171199
-0.387470
-0.171956
0.207775
0.326893
-0.184971
0.071901
0.484746
0.620897
0.107930
0.504711
0.250688
0.325654
0.363942
-0.396930
0.146806
0.291866
-0.407012
0.118422
-0.056174
-0.070837
-0.412919
0.441926
-0.329757
0.208442
-0.487718
0.289745
0.320471
0.411879
0.120156
-0.365040
-0.229709
0.264089
0.006512
0.585967
0.293996
0.448991
0.173485
0.015728
0.096680
0.261831
-0.334651
-0.351585
-0.058484
-0.424755
-0.141528
-0.115568
-0.456102
-0.036181
0.496637
-0.029672
0.386477
-0.421154
-0.087335
-0.449417
0.254861
-0.123547
0.278819
0.055436
-0.179112
-0.000654
0.346796
0.304245
-0.005854
-0.082504
0.180125
0.301011
0.346537
-0.445180
-0.278268
-0.024451
0.255499
-0.089101
0.189303
-0.108324
0.011445
0.500347
0.238209
0.024440
-0.050737
0.228998
0.494600
-0.170825
0.270618
-0.154246
-0.201793
-0.028288
0.235791
-0.280407
-0.224051
-0.187639
0.340559
0.511899
0.255450
-0.570759
-0.340176
-0.047988
0.346867
-0.331682
-0.003240
-0.404400
0.143132
-0.175134
-0.059185
-0.241526
0.163647
0.414664
-0.264488
-0.105924
-0.061884
0.177537
-0.414305
-0.130320
-0.582114
0.281978
0.212494
-0.160905
0.001830
0.172722
0.128492
0.161756
0.223998
-0.200824
0.175571
0.214178
-0.029857
0.514717
-0.288902
-0.193652
-0.372032
0.164299
-0.209988
0.174311
0.424676
0.191505
0.410487
0.082435
0.105317
-0.360040
0.444072
-0.516733
0.225021
-0.541221
-0.148852
0.256176
-0.537865
-0.218479
-0.280524
-0.052164
0.329380
0.310058
-0.239844
0.386106
-0.074610
-0.349412
0.152209
0.311671
-0.434296
0.262871
0.495013
-0.420413
-0.135586
-0.247597
0.238128
-0.213596
0.444148
0.145271
0.349064
0.000917
0.209035
0.224268
-0.017355
0.021097
0.326336
-0.517919
-0.134130
0.310944
-0.240096
0.157201
-0.006887
-0.064715
0.256206
0.421477
-0.144148
-0.397512
0.448175
0.364195
0.263695
0.396417
0.068359
0.231731
0.463771
0.430858
0.485132
0.199908
-0.294027
0.397609
-0.198084
-0.476030
-0.093641
-0.434069
0.318109
-0.518141
0.131777
0.207405
-0.473652
-0.331446
0.319669
0.076094
0.563573
0.006757
0.527644
0.250042
-0.224513
-0.305466
0.182530
-0.387585
-0.497617
-0.076034
-0.499384
0.068618
-0.344064
0.463767
-0.005744
-0.374809
0.139353
0.179017
-0.469457
-0.530819
0.227471
-0.028195
-0.439637
0.111148
0.020146
0.338238
0.073210
0.295506
-0.230174
0.059649
-0.102959
-0.251050
0.388593
-0.257866
0.348038
-0.433511
-0.113583
0.011451
-0.325392
-0.112683
0.435314
-0.324625
0.455266
-0.412487
-0.369390
-0.064266
-0.298935
0.252813
-0.406819
-0.299456
0.180825
0.324501
0.220406
0.383325
0.176380
-0.022288
0.452737
-0.128805
-0.206692
-0.361910
0.304406
0.059640
-0.221971
0.124886
0.263601
-0.388296
0.189720
-0.350409
0.123344
0.364328
0.036908
0.057933
-0.462669
-0.016258
0.129528
-0.357239
0.389032
0.308221
0.389776
-0.465570
-0.385712
0.253924
-0.425528
-0.473877
0.292211
0.310453
0.023092
0.219453
-0.370620
0.260211
0.310554
0.403095
-0.197913
-0.417611
0.027653
-0.434378
-0.305809
-0.282627
-0.284787
0.317535
-0.418308
0.251849
-0.124360
-0.379591
-0.256120
-0.476452
-0.204225
-0.313956
0.399964
-0.221060
-0.190857
-0.409382
-0.408678
-0.092827
-0.369480
0.386434
-0.286800
0.145341
0.098011
-0.164365
-0.097971
-0.092212
-0.261304
0.204119
-0.009823
0.266349
0.269741
0.184368
0.483723
0.484954
0.001904
-0.434576
0.237075
0.378097
-0.313321
0.481890
0.404051
-0.012876
-0.324744
0.312529
0.272770
-0.011156
0.405941
0.366560
0.397631
-0.462815
0.253552
-0.389581
0.182129
-0.148437
-0.053946
-0.415842
0.259351
0.184750
0.288277
-0.250473
-0.048900
0.057892
0.433740
-0.065546
0.042601
-0.064442
0.000218
-0.220105
-0.186252
0.186925
-0.237914
-0.281904
-0.325950
-0.062659
-0.469812
0.446349
0.425970
0.436534
0.313347
0.323816
0.473751
0.066932
0.434235
0.155881
0.418494
-0.119711
0.240039
0.177742
-0.434961
0.028081
0.426823
0.014936
-0.415792
0.358203
0.447875
0.127166
-0.205919
-0.052616
0.404780
0.106730
-0.367808
-0.337683
0.316279
-0.198978
0.099861
0.354418
-0.243156
0.034261
0.295944
-0.427618
-0.141218
0.270003
0.139313
-0.206983
-0.074129
0.058050
0.173562
-0.333353
-0.264549
0.237184
0.194925
-0.331704
-0.231340
0.300813
-0.455147
-0.276828
-0.082286
-0.194024
0.117005
-0.231585
0.375939
0.248600
-0.035875
0.247359
-0.397668
-0.402715
0.120122
-0.134187
0.134420
-0.082684
-0.061615
0.493463
-0.312147
-0.420057
-0.208673
0.118172
0.135304
0.456890
0.283105
0.384682
0.229548
0.017845
-0.404508
0.507452
-0.191196
-0.382417
-0.304280
0.174217
-0.121152
0.311502
0.489165
-0.173044
0.127759
-0.014233
-0.421574
0.217276
0.073176
0.194565
-0.417822
-0.292103
-0.387073
0.029853
-0.283325
-0.183609
0.108937
0.007906
0.458570
-0.187829
0.048406
0.302886
-0.278154
-0.246352
-0.246249
-0.283800
-0.328558
-0.004096
-0.215563
-0.154964
-0.319459
0.164153
-0.354133
-0.380151
0.412091
0.183431
0.039406
0.462800
-0.105521
-0.387090
0.159519
-0.010216
-0.159821
0.286175
0.500912
0.052600
-0.365643
0.178566
-0.393459
0.548978
0.373170
-0.037338
0.138487
0.390530
0.094872
0.364266
-0.348553
0.297494
-0.111066
-0.105628
0.565645
-0.067473
0.394280
-0.467608
-0.094835
0.236634
0.197416
0.444067
0.203521
-0.393889
-0.425507
-0.132201
0.063675
-0.106040
-0.321776
0.103342
0.428838
-0.251336
-0.327517
0.352931
-0.371384
0.433997
-0.164132
0.348653
0.473688
0.554927
0.323272
0.629433
0.290109
0.562135
-0.163443
0.126171
-0.218881
-0.385655
0.123925
0.183184
0.352766
-0.165227
0.133873
0.035489
-0.113329
0.180637
0.406781
0.481457
-0.393427
-0.449799
0.007850
0.381765
-0.314606
0.158885
0.315637
-0.106558
0.226070
-0.208672
-0.158437
0.214457
-0.211411
0.539045
0.191830
0.358073
0.377820
0.387879
-0.057293
-0.345019
-0.496547
-0.424728
0.335142
0.323054
-0.146667
-0.042024
-0.100890
0.299411
-0.327909
-0.219021
0.214339
-0.313013
-0.164709
-0.212528
-0.382956
0.017758
-0.469492
-0.440810
0.485063
0.268690
-0.189290
-0.217872
-0.084610
-0.043048
-0.337882
0.488646
-0.218887
-0.463801
0.374617
0.227433
-0.314492
0.344750
0.252757
-0.469476
0.230575
-0.300119
0.003480
-0.369402
0.455607
0.178887
-0.049752
0.212798
0.295728
0.195270
-0.458498
-0.505311
-0.191426
-0.398049
-0.434145
-0.157155
0.405985
-0.153935
0.063295
-0.240223
0.285166
0.221643
-0.254106
-0.431503
0.246254
-0.400443
0.265468
0.454863
-0.457404
0.126517
0.515234
0.278235
0.330875
0.078249
0.388252
0.233177
-0.395211
-0.281995
-0.072237
-0.559361
-0.488198
0.035952
-0.478566
-0.052241
0.274316
-0.344707
0.307413
0.165754
-0.005111
-0.131346
0.422602
-0.218082
-0.418174
-0.346914
-0.150479
0.379712
-0.132731
-0.282912
0.377474
-0.081062
0.372243
0.422185
-0.372040
0.028188
-0.221921
0.340246
-0.307316
-0.126124
-0.367345
0.165259
-0.064475
-0.193600
-0.111264
0.065345
0.305224
-0.334055
0.218261
0.111423
0.328556
-0.286372
0.464752
0.232935
0.007242
-0.368447
0.484857
0.419715
0.533617
-0.119319
0.658447
0.392671
0.136885
0.258959
0.053031
0.059305
-0.305532
0.287132
-0.109008
-0.128229
-0.221399
0.175442
-0.279351
0.326843
-0.457438
0.117585
-0.107666
0.347171
0.281012
-0.389420
-0.059982
0.080566
-0.181046
-0.035614
-0.108239
0.337450
0.083508
-0.063176
0.327040
0.085202
0.100459
0.178475
-0.283501
-0.409584
-0.124766
0.210861
0.072713
0.033342
0.095268
-0.409751
-0.453287
0.482509
0.325032
-0.222755
0.310932
0.368414
0.395954
-0.292359
0.196123
0.134546
-0.223463
-0.385007
-0.271691
0.063790
0.097665
0.214292
0.062975
-0.273163
0.500729
-0.358215
0.097496
0.014364
0.286856
0.288341
0.040852
-0.360838
0.060271
-0.314680
0.263748
-0.253719
-0.175441
0.321938
-0.268833
-0.348437
-0.395552
-0.444654
-0.487429
0.447826
-0.334669
0.097619
0.005513
-0.117604
0.284310
0.416182
-0.269064
0.063067
0.146747
0.173664
0.194823
0.118919
0.292956
-0.212143
-0.403461
0.074514
-0.411885
0.156001
0.270612
0.207440
0.381350
0.046409
0.457479
-0.291234
-0.118783
-0.281694
-0.116396
-0.043280
-0.342239
-0.280197
-0.251964
-0.253368
-0.574344
-0.467035
-0.492346
-0.473731
-0.372786
-0.222912
0.095201
0.268013
0.412296
-0.250207
-0.158213
0.194526
0.009112
-0.074179
-0.199390
0.129014
-0.387127
-0.417461
-0.159759
0.499683
0.150038
-0.151329
-0.232902
0.539601
-0.030358
-0.048893
-0.211742
-0.004203
0.231745
0.289528
-0.369747
-0.467957
-0.418354
-0.212707
-0.347210
-0.275959
0.013848
0.145404
0.397275
-0.131961
0.340234
-0.285273
-0.424546
-0.132911
0.164336
-0.114474
0.498532
0.283640
-0.002075
-0.093180
0.375562
-0.287238
0.202034
0.464259
-0.466227
-0.495872
-0.078029
-0.017271
0.275621
-0.061868
-0.014396
-0.384371
0.121137
0.118999
-0.165770
0.109265
0.213659
0.227427
-0.313428
0.093337
-0.402232
-0.464841
0.325162
-0.321726
-0.096007
-0.003496
0.096083
-0.026943
-0.110650
-0.303688
0.385938
-0.346399
-0.318796
-0.142488
-0.499642
-0.290900
-0.039797
0.025251
0.304681
-0.061266
-0.352797
-0.120494
-0.054537
0.064888
0.317468
0.133067
-0.390174
0.021311
-0.147479
-0.206082
-0.375857
-0.046830
-0.169693
0.454844
0.158861
0.298478
0.056411
-0.126774
-0.170473
0.367609
-0.155062
0.403176
0.252808
-0.147536
-0.254317
0.265766
0.131817
0.357318
-0.062583
-0.034254
-0.344627
-0.144606
0.141028
-0.039719
0.366206
-0.053076
-0.418780
0.472281
0.477841
-0.063650
-0.233265
-0.394939
0.407045
0.138361
-0.360613
0.165725
0.013969
0.170975
0.351411
0.060021
-0.247134
0.458354
-0.144127
0.458532
-0.127464
0.207684
0.314396
0.460146
-0.115243
-0.465728
-0.248302
-0.061383
-0.145426
0.377794
0.390688
-0.279039
-0.164913
0.475385
-0.306475
-0.184747
-0.077821
-0.013839
-0.039177
-0.113924
-0.322946
0.094472
0.422253
-0.024740
0.520499
0.079433
0.378294
-0.295739
0.063328
-0.204602
-0.325181
0.315875
0.305064
0.298106
0.161925
-0.353647
0.321029
0.406392
0.080910
-0.325143
0.290924
-0.023925
-0.104117
-0.373298
-0.044721
0.099164
-0.042609
0.390619
-0.408971
0.391908
-0.294467
-0.362697
-0.174131
0.482920
-0.000986
-0.206020
0.058132
-0.122761
-0.057871
-0.484882
0.046821
0.018027
0.285570
-0.157607
-0.176785
-0.049813
-0.012014
-0.356446
-0.140216
-0.428572
-0.181702
-0.349118
0.047818
0.214700
-0.224006
0.496850
-0.203493
0.193435
0.332256
-0.178846
0.035543
-0.508082
-0.074324
0.350791
-0.510753
0.426120
-0.352239
0.024901
-0.208570
0.082506
0.038031
0.345575
-0.383318
-0.167941
-0.307958
-0.060551
0.282721
0.180450
0.082992
-0.357495
0.251878
0.401333
-0.207067
-0.202081
0.111383
0.061625
-0.211578
0.408521
-0.227040
-0.353366
-0.241921
0.338700
-0.323710
0.219951
0.235754
-0.308902
0.178321
0.404430
0.235167
0.485682
0.002973
-0.218644
0.336184
0.119308
0.113461
-0.471774
-0.441243
-0.103818
0.208676
0.141749
0.038686
-0.039457
0.042959
0.331819
0.259732
-0.341825
-0.098499
-0.441965
-0.423066
0.185933
-0.282667
-0.151432
0.041541
-0.095848
-0.420446
-0.214527
0.105361
0.266353
-0.303409
-0.156729
0.253789
0.199773
0.124795
0.089973
-0.180919
-0.261744
0.118198
-0.122162
0.134438
-0.173126
-0.480413
-0.326876
0.287428
0.062626
-0.494978
0.047364
0.221134
-0.093148
0.105642
0.298701
-0.405729
0.324400
-0.351551
0.136750
-0.269861
-0.270109
0.423659
0.335822
0.496508
-0.379682
-0.320908
0.250297
0.320091
0.303887
-0.159731
-0.360829
-0.457857
0.458467
0.016979
0.176550
-0.214691
0.036599
0.349734
-0.427235
-0.400780
0.355250
0.120570
0.320772
-0.238475
-0.274246
0.119056
-0.144150
-0.449824
0.267501
0.492593
-0.219685
0.497398
0.416258
-0.383864
0.493906
-0.463424
-0.204772
0.244202
0.356667
-0.400898
-0.415542
0.495793
-0.358917
-0.457330
0.012597
0.316395
-0.172725
-0.450416
0.169556
-0.097923
-0.351450
0.020817
-0.480219
0.467938
0.283072
-0.253371
0.087845
-0.360290
-0.202864
-0.144413
-0.367700
0.077451
-0.147015
-0.451441
0.193587
-0.153109
-0.414870
0.488535
-0.409481
0.440405
-0.414739
-0.328534
0.432781
-0.275655
-0.281735
-0.043771
-0.441916
0.049990
-0.009613
0.192112
0.428849
0.131759
-0.275125
0.464814
0.116182
-0.479101
-0.283942
-0.294303
-0.339603
0.013113
0.061286
-0.207318
-0.409523
0.414180
-0.158568
0.282182
-0.244334
-0.086185
0.245032
-0.179312
-0.154532
0.359440
0.037793
-0.165649
-0.381379
0.262077
0.288792
-0.317422
-0.157591
-0.194734
0.378493
-0.232739
0.425935
-0.396586
-0.285251
0.022324
-0.390861
-0.074068
0.228161
-0.230369
0.439114
-0.210288
0.061397
-0.476313
-0.309824
0.371052
0.256010
-0.102215
-0.231688
0.052234
0.296052
0.176823
-0.074203
-0.185960
-0.482012
0.071031
-0.339165
0.321092
0.219172
-0.068105
-0.442477
0.053366
0.133926
0.420542
0.115127
0.335268
-0.056133
0.224276
-0.238712
-0.327829
0.491464
-0.309407
-0.062995
0.006704
-0.345179
0.078073
-0.122903
-0.515631
-0.433437
0.196421
0.009747
0.330943
-0.075722
-0.437617
-0.186783
0.010139
0.116857
-0.092371
-0.219108
-0.188245
0.275766
-0.230581
0.316979
-0.106828
-0.309748
-0.067888
-0.271767
0.132404
-0.347639
-0.024142
0.270930
-0.408980
0.106731
-0.328372
0.106529
0.331486
0.339931
-0.443014
0.345815
-0.505065
0.410351
0.087022
-0.486810
-0.088181
0.128435
-0.203341
0.441062
-0.204047
0.189967
-0.309787
0.078705
-0.046469
-0.042685
-0.105174
0.345852
0.144226
0.320223
-0.439232
-0.252371
0.426161
-0.008966
-0.492165
-0.440180
-0.307519
-0.215565
0.270604
-0.348215
-0.171841
-0.422891
-0.331615
-0.168481
0.390725
0.160232
-0.162938
-0.099892
-0.098314
0.167382
-0.153858
0.191917
-0.150802
0.031724
-0.232374
0.301821
0.485104
0.155848
0.136147
0.109722
-0.053137
0.170606
0.354820
-0.101657
-0.271147
-0.534723
0.089391
0.125716
0.025289
0.087214
0.233863
0.091073
-0.140619
0.273062
-0.531053
-0.095086
0.083312
-0.133603
0.327757
0.489323
-0.474303
-0.333396
0.178034
-0.125641
0.195284
0.440454
-0.330306
0.173529
0.085356
0.294542
-0.223418
-0.468800
-0.009570
-0.282164
0.113297
0.523538
-0.011478
-0.196279
-0.134417
0.015385
0.009317
-0.477234
-0.265900
-0.434175
0.452248
-0.235963
-0.004107
0.040509
0.123261
-0.183115
0.028611
0.149074
-0.017199
-0.294304
-0.478133
-0.322240
-0.353284
-0.314614
0.324363
0.185393
-0.545363
-0.323299
0.445418
0.323099
0.146127
0.000536
-0.142950
0.049852
-0.015917
0.235566
-0.231684
-0.280231
0.397060
0.054288
-0.190484
0.357938
0.314890
0.301322
-0.102154
-0.061678
-0.382256
0.426308
-0.412711
0.099604
-0.369202
-0.401053
0.235890
-0.303685
-0.292949
0.131948
-0.286885
0.073074
0.493513
0.428789
0.299847
-0.366688
-0.272528
-0.214636
0.440182
0.428446
-0.360510
-0.241037
-0.329252
-0.454160
0.313651
-0.020723
0.403612
0.128989
-0.219302
-0.197902
-0.433070
-0.102898
-0.274528
-0.359201
-0.548670
-0.239054
-0.350254
0.294171
0.333548
0.260317
0.050766
0.171578
0.248142
-0.356575
0.010341
0.299861
0.047940
0.425413
-0.318740
0.028876
0.372038
-0.174023
0.290344
-0.455301
-0.127576
0.104034
0.023669
-0.222841
-0.266723
0.303150
0.072989
-0.216560
-0.348496
0.188395
-0.154799
-0.233393
-0.150763
0.370681
0.577290
0.255064
-0.388574
-0.206278
-0.065910
-0.306962
0.198824
-0.397782
-0.438022
-0.228253
-0.465008
-0.255069
0.303242
0.408659
0.071282
0.093331
0.452659
0.443705
-0.302459
-0.024562
-0.287403
-0.092145
-0.280411
0.186611
0.170111
0.068436
0.276203
-0.165237
0.267139
0.188457
0.231253
0.058927
0.016516
-0.323919
-0.404301
-0.415406
-0.076284
0.308550
-0.310760
-0.012951
-0.417403
-0.274377
0.232590
0.385110
-0.367625
-0.197528
-0.021718
-0.414483
-0.261797
0.146312
0.004466
-0.098313
-0.382900
0.440861
-0.050050
0.482756
-0.117578
0.287369
-0.586483
-0.573664
0.060702
0.389174
0.181214
-0.290192
-0.370257
0.295853
-0.197512
0.060512
0.109267
-0.005373
-0.450784
0.191077
0.216339
0.277643
0.077931
0.350782
-0.422283
-0.463834
0.400562
-0.187015
0.266669
0.127381
0.482709
0.460466
-0.137518
-0.481226
0.102713
0.101009
0.353611
0.158252
0.179311
0.054694
0.126670
-0.100286
0.282270
0.271797
-0.295623
-0.410177
-0.165499
0.312306
0.079130
-0.120732
0.001226
-0.199460
-0.334865
-0.418194
-0.338715
-0.235383
-0.290445
-0.257780
0.240329
0.456391
0.083062
-0.148971
0.184784
0.395109
-0.118858
-0.143129
0.120078
-0.133998
-0.400466
-0.150017
0.447574
0.244904
0.260257
0.235073
0.018710
0.462560
0.318295
0.344501
0.268065
-0.094010
-0.260088
-0.203822
0.234340
-0.063570
-0.044136
0.494252
0.248830
0.037023
0.411808
-0.267646
-0.109852
0.031874
0.063641
-0.437471
0.011614
-0.444609
0.000678
-0.311582
-0.045137
0.121277
0.049963
-0.094539
-0.132707
-0.192534
-0.367046
0.373822
-0.235014
0.459422
0.243681
-0.416516
-0.093972
0.502830
-0.091060
-0.321695
-0.093890
0.160457
0.382097
-0.449630
-0.264264
0.395556
-0.276989
0.065837
-0.014241
0.379931
0.211939
-0.439318
0.474948
-0.259727
-0.237782
-0.067584
0.361834
0.309996
0.329995
-0.283706
-0.386435
0.465978
-0.374899
-0.077349
0.453417
0.361635
-0.011079
-0.169018
0.279090
0.199908
-0.153646
-0.266340
0.023479
-0.148148
-0.284816
0.184232
-0.220681
0.012186
-0.172959
0.322567
-0.063531
-0.429316
0.397932
-0.085886
-0.189794
-0.341222
0.340780
-0.337197
0.462082
0.170345
-0.091661
-0.390925
0.152001
0.010178
-0.023813
0.047276
-0.204787
0.346729
0.382601
-0.250429
0.264170
-0.170416
-0.100426
-0.291548
0.180296
0.169002
0.452759
-0.491113
-0.278182
-0.192767
0.343306
0.161144
-0.123052
0.240725
-0.427604
0.181438
0.396483
0.410421
0.352446
0.374344
0.093212
-0.246080
0.433002
-0.288444
0.195512
-0.096929
0.367471
-0.286483
-0.058725
0.308685
-0.147478
-0.381672
-0.379584
0.288543
-0.133364
0.335906
-0.013958
-0.164885
0.350663
0.210148
0.141419
0.193860
-0.129506
-0.484310
-0.067764
-0.064209
0.182706
-0.196649
-0.179526
0.001731
-0.366033
0.367848
0.213735
-0.405394
-0.296333
0.100588
0.133726
-0.383862
0.256483
-0.464771
0.415161
-0.373923
-0.327269
-0.449681
0.425781
0.044227
0.388080
-0.087603
0.378767
0.238641
-0.377584
0.018080
-0.074042
-0.019344
0.013271
0.332623
0.397244
-0.299963
-0.341407
-0.249089
0.247301
-0.135325
-0.245706
0.120698
0.086141
0.021822
-0.260494
-0.270707
0.141019
-0.499173
-0.231962
0.058418
-0.370864
-0.058504
0.109117
-0.445002
0.485679
-0.002804
-0.032606
0.363255
-0.266091
0.086812
-0.120037
0.163066
-0.423229
0.414777
0.027315
-0.487455
-0.344697
0.230781
-0.173617
0.472543
-0.345545
0.113981
0.111034
0.248492
-0.360687
0.352005
0.478513
0.280948
0.353435
-0.253200
-0.160377
0.482576
0.188296
0.448740
-0.462426
0.173976
-0.054072
0.004941
0.038395
0.181807
-0.405181
0.422816
-0.149744
-0.321785
0.345842
0.386478
-0.297320
-0.486618
0.128078
0.035143
0.489643
0.283926
-0.349908
0.101144
0.032608
-0.210551
-0.046816
0.011119
-0.429597
-0.193379
0.257918
-0.089974
-0.210803
-0.053785
-0.141234
-0.173229
-0.379810
0.304702
0.331739
0.158612
-0.013423
0.426544
0.081565
0.337256
-0.394516
-0.072091
0.224203
-0.191883
-0.058572
-0.147606
0.343408
-0.068784
-0.363604
0.493500
-0.467640
0.169004
-0.217051
-0.014456
-0.319877
-0.146649
0.292164
0.438041
0.263377
-0.418943
-0.116845
-0.380893
-0.098159
-0.003468
0.418062
-0.266949
-0.341050
-0.088027
-0.333883
0.244280
-0.249797
-0.228520
-0.328029
0.474065
0.079518
0.113874
-0.173003
-0.076625
-0.454720
-0.036482
-0.083125
-0.422360
-0.367478
0.199746
0.063157
-0.187402
-0.446810
-0.145177
-0.252375
0.303155
-0.085528
0.102117
0.404124
0.320351
-0.375509
0.354790
-0.426019
-0.210625
-0.234497
-0.261406
-0.461611
0.024126
0.019902
-0.282023
0.003390
-0.397009
0.333777
0.331336
0.026423
0.379153
-0.205146
0.443221
0.456734
-0.072962
0.142216
0.018026
0.228354
0.171575
0.337709
0.444242
-0.022992
-0.202033
0.122203
-0.056877
-0.369745
0.199076
-0.257830
-0.319317
-0.473707
0.076100
-0.017414
-0.391675
-0.377851
-0.485180
-0.166177
0.129517
-0.381052
-0.331654
-0.038900
0.145773
-0.451709
0.257853
0.094802
-0.488236
-0.324353
-0.291739
-0.012890
0.373019
0.387143
-0.117451
0.396676
-0.084654
0.147981
-0.058893
0.275008
0.248028
-0.264031
-0.316555
-0.404262
-0.151168
0.285401
0.093616
-0.015095
0.430937
0.118812
0.321360
0.060872
0.237797
0.490872
-0.471266
-0.105407
-0.460617
0.250172
0.426117
-0.491588
0.406761
-0.329753
0.036423
0.330398
-0.424943
0.342526
0.135856
-0.113301
-0.016186
-0.316111
-0.133956
-0.025337
0.066595
0.109279
0.122585
-0.493373
-0.020528
-0.241512
0.002107
-0.088602
0.377170
-0.175298
0.477410
0.119619
-0.200789
0.432035
0.426033
-0.192878
0.216554
0.430205
-0.081814
0.286869
-0.222161
0.544588
0.186870
-0.202182
0.309214
-0.217110
0.238763
0.016197
0.154858
-0.246756
-0.408158
-0.123852
-0.487081
0.300749
-0.087155
-0.001030
-0.438201
0.418778
0.416272
0.441641
-0.271750
0.326089
0.009027
0.052151
0.371694
0.123928
0.538172
0.328553
0.248226
0.057672
0.143848
0.350658
-0.200116
0.440978
0.436362
-0.350653
-0.139143
0.294960
0.206119
-0.363372
-0.289035
0.419420
0.067295
-0.261167
0.227158
0.492423
0.255973
0.298086
0.406592
0.133173
0.214701
-0.298757
0.126229
-0.076518
0.343107
0.110350
0.553047
0.387737
-0.125395
0.079255
0.492651
-0.026329
-0.435174
-0.343776
-0.077867
-0.515516
-0.251629
0.305202
0.396544
-0.418880
-0.485583
-0.369092
-0.487227
0.101258
-0.099421
0.258318
0.099359
-0.369380
0.047574
0.052075
0.371932
-0.162120
0.186648
-0.104331
0.191514
0.076620
0.455801
0.052241
0.490281
0.288550
0.201523
0.280856
-0.325119
0.159320
0.334594
0.050946
0.202944
-0.316383
-0.074074
0.125259
-0.220600
-0.036445
0.292098
-0.191540
-0.433847
-0.350878
0.509282
0.156723
-0.205002
0.039206
-0.431189
0.482926
0.308942
0.348445
0.019384
-0.044119
0.567355
0.521992
0.106197
0.308520
0.157196
-0.336158
-0.003603
0.269297
0.337934
-0.108277
-0.138052
0.056322
0.088207
0.305348
-0.289826
0.354508
-0.264697
0.410095
-0.369575
-0.204854
-0.448570
-0.421013
0.255377
-0.252603
0.161445
0.562883
0.010257
0.066325
0.202545
0.118772
0.100261
-0.039130
-0.111189
-0.481133
-0.330758
0.488164
-0.323862
0.196708
0.269459
-0.481840
-0.403155
-0.355459
0.088629
0.146275
0.361015
0.188637
-0.023216
-0.375051
0.091026
-0.005210
-0.214222
0.183248
0.325733
-0.028799
0.739793
0.070480
-0.187762
-0.147384
0.180417
0.116813
0.124125
-0.418177
-0.511121
-0.488876
-0.368327
-0.305772
-0.499771
-0.192285
0.394125
0.274364
-0.167930
0.428028
0.310990
0.302402
0.074428
0.237946
0.046999
-0.463168
0.367397
-0.182560
0.425849
0.101099
-0.207474
0.189495
0.245908
-0.354689
0.320778
0.155311
-0.359783
-0.167968
-0.260002
0.339575
0.009654
-0.205125
0.356269
0.140303
-0.009580
0.357327
0.442895
-0.181867
0.019518
-0.320930
-0.228744
-0.076906
-0.428329
-0.563623
-0.165129
0.377040
-0.144412
0.026328
-0.175583
0.580039
0.305451
-0.223356
-0.065378
-0.277769
-0.422633
-0.376967
0.381453
-0.171115
0.090148
-0.286241
-0.316482
-0.401278
0.009618
-0.457062
0.236476
0.436740
0.278778
0.073698
-0.215957
-0.072980
0.349352
0.182629
-0.395533
-0.267781
0.355021
0.032555
0.545133
0.539769
0.324663
-0.352821
0.341459
-0.165751
-0.387030
-0.349785
0.066643
-0.181929
-0.073859
0.052332
0.166395
-0.485568
0.268062
0.360679
-0.375305
-0.263039
0.278889
0.230522
-0.321587
0.167439
-0.053616
0.112035
-0.134950
0.069310
-0.031654
-0.055291
0.203197
-0.257140
0.299321
0.103036
-0.449106
-0.092533
0.003389
0.269083
0.272631
0.258317
-0.416738
-0.053110
-0.405598
0.006770
0.502575
0.286233
0.054136
0.254817
0.030452
0.033347
-0.528612
-0.095987
-0.098935
-0.220317
-0.190791
-0.427359
0.477266
0.127575
0.047457
-0.122935
0.419872
-0.335123
-0.023921
0.130595
0.087358
-0.079836
-0.385095
-0.250163
-0.145332
0.485174
-0.478942
-0.065388
-0.061388
-0.344853
0.490805
-0.037565
0.324433
-0.122085
-0.368681
-0.097012
-0.478328
-0.331611
0.437592
0.086160
0.061128
-0.211974
0.057576
-0.053099
0.291012
-0.353349
0.352659
0.247314
-0.318965
-0.232791
-0.015580
0.424901
0.336889
0.183166
-0.313987
-0.310407
0.175922
-0.242965
0.199333
-0.332700
-0.172757
0.001793
-0.061674
-0.398852
-0.593000
0.082337
0.071143
-0.412062
0.372588
0.074706
0.087837
-0.101147
0.340262
-0.185499
-0.470932
0.243286
-0.131431
0.322882
0.106394
0.193842
-0.279735
-0.341559
0.129665
-0.443232
0.349725
0.366507
-0.169651
0.098951
-0.416519
0.328196
0.031189
-0.251136
-0.189302
-0.514446
-0.096267
-0.137432
0.236892
-0.376711
-0.036481
0.207961
0.325765
-0.199413
-0.161243
0.287465
0.060282
-0.152796
0.147368
-0.451716
-0.236377
-0.205558
0.246076
-0.015985
-0.040037
-0.082136
0.119103
-0.107803
-0.221174
0.294680
0.276679
-0.310295
0.087255
-0.209770
-0.053774
-0.464309
-0.027033
-0.469777
-0.056803
-0.147922
-0.188183
-0.335890
-0.256021
-0.314299
-0.098173
0.099384
-0.428153
-0.454150
0.488456
0.236000
-0.408003
-0.247299
-0.465697
0.362954
0.291059
0.066660
-0.186642
-0.158310
0.308182
-0.061670
-0.423697
0.028289
0.070797
0.180487
0.439738
-0.337588
0.265642
0.040817
-0.188033
-0.138720
0.427205
0.071178
-0.014392
-0.269468
0.340197
0.442216
0.341513
0.415086
0.486981
0.331531
0.153100
-0.407691
-0.384540
0.230078
0.482450
0.384164
-0.269327
-0.291452
-0.345955
0.461080
0.082365
-0.287777
0.078767
-0.273117
0.407582
0.064866
-0.145235
0.173369
-0.460498
0.089416
-0.451279
-0.455452
-0.273811
0.060146
-0.228724
-0.438766
0.004017
-0.385922
0.476959
-0.004976
0.459647
0.154935
0.113122
-0.406209
-0.116343
0.075862
0.438364
0.050378
0.201125
0.529848
0.010690
-0.252631
-0.314597
0.503888
-0.140521
0.481269
-0.039564
0.142410
0.174740
0.031616
-0.242073
0.226074
0.067086
-0.022864
-0.212418
0.338399
0.038587
0.292017
0.456272
0.029105
-0.188286
0.448352
-0.283082
0.444034
0.532326
0.073010
-0.018664
0.408947
0.563198
0.587150
0.359465
-0.023249
-0.287390
0.384063
-0.181594
-0.062836
0.322671
0.246963
-0.435001
-0.013290
-0.229161
-0.182103
-0.287014
0.337615
0.295033
0.000568
0.177645
-0.161383
-0.195189
0.150520
0.381170
0.116075
0.073542
0.550583
-0.001432
0.031771
0.024030
0.346105
-0.188375
-0.062727
0.272587
0.485273
0.224804
0.344667
0.291460
0.493809
-0.243482
0.101354
0.235904
-0.181035
-0.412190
-0.493409
0.136862
-0.199204
0.344207
-0.068041
0.302216
0.021465
0.267198
-0.404241
-0.347970
0.117717
0.173408
0.182834
0.114386
-0.391421
-0.357762
-0.443960
0.369827
-0.133216
-0.085857
0.087735
-0.180867
-0.379142
-0.077459
-0.393962
-0.386752
0.178695
0.578518
0.720348
0.868856
0.666327
0.726940
0.505718
-0.032877
0.571146
-0.062387
0.768487
-0.169047
0.614782
0.456773
-0.127986
0.037719
0.048356
-0.504809
-0.498077
0.095383
-0.284217
-0.153568
-0.243031
0.084036
0.005427
-0.391205
0.511297
0.294722
0.196277
0.922960
-0.055202
0.581666
-0.239121
0.438257
-0.193015
-0.228516
0.029257
-0.015969
-0.293348
-0.281138
0.014586
0.188802
-0.020013
0.346758
-0.035400
-0.239459
-0.133976
-0.433769
0.389087
-0.058267
0.346778
-0.163653
-0.025321
-0.051243
-0.014382
0.701025
0.004387
0.366163
0.041663
-0.227185
-0.167223
-0.186877
0.355569
0.335256
0.370024
0.253102
0.058653
-0.070353
0.459106
0.157110
-0.232719
0.475214
0.132168
-0.052436
0.190312
0.143666
-0.078802
0.292434
-0.203378
-0.128592
-0.787901
-0.231813
-0.174327
0.135446
-0.157672
0.555504
0.171724
-0.573854
-0.434698
0.043702
0.621846
-0.224812
0.029162
0.582493
-0.101198
-0.154544
0.229512
0.297588
-0.041717
-0.185231
0.049440
-0.447505
-0.072548
-0.081073
-0.472329
0.365892
-0.213955
0.168252
-0.089504
-0.384873
0.464232
0.057146
-0.456371
-0.254004
-0.214200
-0.113719
-0.467163
0.443340
-0.088536
-0.338271
-0.343923
