0.340188
-0.105617
0.283099
0.298440
0.411647
-0.302449
-0.164777
0.268230
-0.222225
0.053970
-0.022603
0.128871
-0.134987
0.013496
0.452244
0.416209
0.135579
0.217297
-0.358397
0.106969
-0.483699
-0.257113
-0.362768
0.304177
-0.343321
-0.099056
-0.370210
-0.391191
0.498925
-0.281743
0.012932
0.339112
0.112705
-0.203884
0.137793
0.024660
-0.004998
0.475120
-0.204198
0.275692
0.031650
0.274338
-0.096438
0.395373
-0.212917
-0.144470
0.309841
0.419965
-0.429756
0.449433
0.026480
-0.413494
-0.307786
0.163227
0.390233
-0.151107
-0.435829
-0.479977
-0.042254
-0.436908
-0.261542
0.470637
0.402539
0.352567
-0.225989
0.052786
-0.103455
0.287864
0.045070
0.204180
0.073272
-0.414049
-0.018571
0.468301
0.458647
0.241924
-0.200805
0.248004
0.145875
-0.142947
0.188502
-0.333750
-0.059895
0.380075
0.329201
-0.169663
-0.270977
0.393327
-0.149391
0.187975
0.458661
0.097238
0.175450
0.385517
-0.026024
0.455527
-0.079876
0.323368
0.193650
0.435340
0.033584
-0.205900
0.529833
0.487456
-0.301259
0.402785
0.150988
-0.066186
0.119665
-0.218969
0.286356
-0.192542
-0.052966
-0.273890
-0.312411
-0.223705
0.057811
-0.079742
-0.320907
0.440642
-0.328274
-0.303832
0.044739
0.295887
0.539828
0.504779
0.278760
0.002106
0.374020
0.001600
-0.092895
-0.180434
0.138481
-0.240367
-0.343260
0.226737
-0.380220
0.290911
-0.336321
0.245071
-0.425470
0.449977
-0.447043
0.022595
-0.318329
-0.248864
0.323367
0.298932
0.231803
0.496865
0.161300
0.272519
-0.365517
-0.301205
0.087131
-0.333317
-0.333793
-0.193736
0.038891
0.329051
0.079488
0.228917
-0.468474
-0.366357
0.481992
-0.302140
0.388449
-0.374532
0.497846
-0.445924
0.370734
-0.424729
-0.489337
0.430451
0.120579
-0.258880
-0.285768
-0.110732
0.389922
0.280602
-0.172774
0.030194
0.054396
-0.065567
0.178945
-0.383534
0.046300
0.225586
-0.235920
0.417134
0.014078
0.321070
0.210192
0.115338
-0.468017
0.247055
0.333304
0.425552
0.374114
0.337729
0.489601
0.253231
0.421064
0.517611
0.164182
-0.046565
-0.374984
0.253134
0.306098
-0.467746
0.100887
-0.309737
0.068592
-0.301609
0.179413
-0.218107
-0.251705
-0.362635
-0.517245
0.051646
-0.327146
0.131604
0.006587
0.470603
-0.220138
0.046834
0.223058
-0.374071
-0.017641
0.101181
0.439456
-0.050606
-0.194266
0.272811
-0.124572
-0.554255
-0.212686
0.060526
0.292719
-0.307884
0.103899
-0.059105
-0.031109
-0.232954
0.087353
-0.457161
-0.031695
-0.575601
-0.155293
0.167405
0.167587
0.136875
-0.152868
-0.314452
0.112493
0.142005
0.239736
-0.177800
0.208304
-0.346675
0.327674
0.087691
0.086907
-0.325142
-0.043952
-0.441395
-0.267540
0.331205
0.139587
-0.411052
-0.368024
-0.180737
-0.075924
-0.096370
-0.028611
-0.356831
0.190420
-0.244616
-0.178559
-0.310854
0.484379
-0.495449
0.331670
-0.154135
-0.310591
-0.094001
0.387174
0.317538
0.142578
0.072959
-0.478264
0.077854
-0.201046
0.203941
0.397880
0.397636
0.365946
-0.250866
0.336712
0.016288
-0.352539
0.181809
0.201108
0.214216
-0.085979
0.043870
-0.345602
-0.226972
0.364595
-0.006799
-0.033236
0.359631
-0.015501
-0.254227
-0.402917
0.082239
0.094004
-0.471534
0.000450
-0.088698
0.254748
0.141658
-0.348223
-0.271882
0.030871
-0.314311
-0.310507
-0.154635
-0.289745
0.228189
0.224002
-0.009054
0.281033
0.300613
-0.010466
-0.165641
-0.105604
0.159317
0.110926
-0.235228
-0.370045
-0.485296
-0.475491
0.066440
-0.223071
-0.284967
-0.233519
-0.441125
-0.165953
0.349053
0.057077
-0.225171
0.183440
0.313741
0.039717
-0.336184
0.330765
0.021693
-0.081004
-0.367813
0.031058
-0.077245
0.328577
-0.105286
-0.255624
-0.173827
0.229748
0.141842
0.456105
-0.216214
0.323902
-0.403427
-0.126463
-0.490698
0.292185
0.274255
-0.257548
-0.438421
0.348857
0.239259
-0.394835
0.048986
0.555671
0.224754
-0.262040
-0.044008
0.322687
-0.442806
-0.398161
-0.112280
-0.196098
0.157537
0.309142
-0.368172
-0.448357
-0.441017
-0.061861
0.236608
0.142587
-0.085615
-0.383793
0.117020
0.146935
0.062625
0.047331
-0.165710
-0.183099
0.432494
0.066073
-0.213528
0.193691
0.071889
0.157907
0.103667
-0.268627
0.312201
-0.409630
-0.391091
0.427231
-0.329796
-0.018220
-0.274383
0.326803
-0.202767
-0.155536
0.349026
-0.173279
0.303027
0.160371
-0.376369
-0.134894
0.320786
0.120030
0.315091
-0.172194
-0.227842
-0.207412
0.229983
-0.265878
0.247768
0.310162
0.243430
-0.277868
-0.096056
-0.163371
-0.051805
-0.264316
-0.113597
0.032846
-0.345277
0.056331
-0.476377
-0.124149
-0.130667
-0.191209
0.227968
-0.214080
0.219439
0.124243
0.441366
0.172476
0.258978
0.172324
-0.167045
0.195311
-0.403172
0.145264
0.429498
0.137053
0.181313
0.065151
-0.079196
-0.110583
0.236017
0.308686
0.178909
-0.347124
-0.466977
-0.435022
0.193280
-0.313765
0.093574
0.182450
0.053141
-0.472286
-0.422825
-0.132072
-0.192571
0.148324
0.309308
-0.320534
-0.143664
0.179412
0.429106
0.256539
-0.094414
0.423595
-0.231552
-0.286220
0.027854
0.352718
0.192520
0.409353
-0.307664
-0.105479
0.206578
0.370433
0.054903
0.236010
0.389589
-0.290708
0.383431
0.022416
0.437399
0.050064
0.120632
0.468937
0.312191
0.328128
0.120746
0.196356
0.544686
0.536691
-0.078097
0.432781
0.183808
0.190164
0.271975
0.293727
0.305822
-0.234484
0.104668
-0.029436
-0.332646
0.296302
0.374246
0.368750
0.121892
-0.128760
0.059574
0.060020
0.161535
0.123195
-0.231322
0.203800
-0.334684
0.333334
0.128362
0.412438
0.093844
-0.277678
0.084615
0.064814
-0.368441
0.347004
-0.105325
0.150047
-0.040835
-0.353312
-0.086913
-0.252967
-0.092819
-0.480710
0.227189
0.072507
0.270216
0.044068
-0.097180
-0.094389
0.463259
-0.362918
-0.310159
0.284912
0.243628
-0.124778
-0.153426
0.214552
0.483983
0.293583
-0.000722
-0.043274
0.389660
0.462041
0.444741
0.408101
0.273018
-0.165165
0.036742
-0.280864
-0.022350
0.451491
-0.023395
0.388908
0.430984
-0.340191
-0.096911
0.194295
0.215471
0.420316
-0.180427
0.339448
0.554048
-0.053466
-0.035756
0.086700
0.042628
0.103598
-0.326089
-0.044690
-0.143344
0.132805
0.409340
-0.279611
0.109722
0.366200
-0.390222
-0.126444
-0.300945
0.147499
0.099169
0.185895
0.084408
-0.446443
0.030871
-0.020724
-0.332512
-0.520231
-0.167475
-0.478395
0.412890
0.088482
0.195068
0.304356
0.349397
-0.396632
-0.122306
-0.040815
0.259279
0.117595
0.453764
-0.344144
-0.204769
0.382885
-0.133972
0.399431
0.247638
-0.023686
-0.223007
0.449784
-0.376129
0.365626
0.118388
0.183764
0.367290
-0.357714
-0.237916
-0.357358
-0.344796
0.081536
-0.374642
-0.414160
-0.300557
0.421201
-0.450261
-0.340056
-0.384738
-0.046792
0.140313
0.413223
-0.398200
0.114583
-0.429443
-0.106254
-0.003569
-0.063440
-0.206677
-0.257955
0.402278
0.050799
-0.340339
-0.516556
-0.132031
0.238841
0.192690
-0.194923
0.443134
-0.503143
-0.022873
-0.349801
0.104689
0.146060
-0.210743
0.353809
0.121076
-0.173582
-0.459261
0.263553
0.303723
0.198864
0.181922
0.404187
-0.187060
0.252565
-0.202155
0.308734
-0.312212
0.089700
-0.448019
-0.401889
-0.349708
-0.265227
-0.370845
0.080409
-0.446986
0.383025
0.427883
-0.473755
0.373403
-0.089180
-0.284068
0.055327
-0.351212
0.072842
-0.030102
0.313499
0.426149
0.026673
0.082250
0.229398
-0.274764
-0.235828
0.133529
0.038095
-0.483416
0.431665
-0.151842
-0.293188
0.024615
-0.093783
-0.187890
0.182497
0.147905
-0.054124
-0.234509
0.193101
-0.185122
-0.301715
0.246545
-0.250715
0.176915
-0.486091
0.343856
0.352108
0.100763
-0.178522
0.167960
0.026830
0.348000
-0.249790
-0.243772
-0.426764
0.014392
0.389893
0.111586
0.031574
0.322188
0.460767
0.239159
-0.153235
-0.136175
-0.452072
-0.471599
-0.490922
-0.010020
-0.205682
0.208881
0.320404
0.007261
-0.032428
-0.421662
-0.309016
-0.016352
0.423381
-0.456605
-0.415589
-0.255142
0.211355
0.111241
-0.407142
0.461565
0.367469
-0.333906
-0.024053
0.257282
0.277505
-0.493020
0.078613
0.236505
0.243770
0.422615
-0.403553
0.287642
0.446435
-0.398520
-0.225103
-0.260679
0.309743
-0.404957
0.246730
-0.222786
-0.326699
0.437714
0.260862
-0.403319
0.481109
0.345273
-0.158452
0.192472
-0.043318
-0.065252
0.154379
-0.175667
0.100838
-0.369692
-0.418469
-0.121687
-0.362658
0.160175
-0.385303
0.380822
0.082421
-0.289112
0.168338
0.028891
-0.187657
0.443222
0.268206
-0.377914
-0.461735
0.014936
-0.100700
-0.288435
-0.047345
-0.339768
-0.191673
-0.066049
-0.494039
0.150357
-0.373611
-0.037938
-0.416061
0.280911
0.285853
0.184041
0.409225
0.365774
-0.437802
-0.452602
0.027540
-0.322222
0.427723
-0.390632
-0.111874
0.096136
0.138298
0.200229
0.039413
-0.093385
0.322426
0.077678
0.421557
-0.278069
0.289429
-0.125755
-0.118071
-0.402040
0.308007
-0.112408
0.250233
0.437525
0.350826
0.327656
0.204027
0.113059
-0.011510
0.089850
-0.027778
0.057125
0.158556
-0.473180
0.254853
0.100333
-0.360886
-0.356155
-0.304102
0.277410
0.344281
0.235301
-0.316098
0.166574
-0.188283
-0.397198
0.382007
-0.408227
-0.037592
-0.240685
-0.316233
-0.240274
0.088735
0.351816
-0.389209
-0.117993
0.158903
0.325964
-0.442954
-0.282913
0.011972
0.133976
0.376012
-0.256356
0.182231
0.131570
0.332942
0.312997
0.273301
-0.471379
0.090286
0.116607
0.259444
0.264915
-0.231108
-0.447046
0.383204
-0.290275
-0.261152
-0.100182
-0.045217
-0.124432
0.131018
-0.395483
-0.158894
0.406331
0.163466
-0.339669
0.333067
0.270326
-0.065853
-0.094993
-0.079676
-0.217971
0.101010
-0.431765
0.401517
-0.067713
0.381536
0.173070
-0.044928
-0.039252
-0.228773
-0.305623
-0.247358
0.107359
-0.144413
-0.333655
0.263916
-0.001327
0.015924
-0.245173
0.440871
-0.246855
-0.069076
-0.193602
-0.427629
0.442788
-0.135491
0.388283
0.206624
0.211889
-0.318832
-0.454906
0.459684
0.275112
-0.387577
0.357869
-0.300444
0.477834
0.013452
0.135621
-0.044410
0.358924
0.448376
0.260269
-0.021208
-0.229346
0.416160
-0.228202
0.314384
-0.018082
0.016624
0.181363
0.050441
0.204716
0.324042
0.077139
0.127316
-0.457314
-0.220873
-0.307682
0.193832
-0.055993
-0.266456
0.143450
-0.298008
-0.169839
-0.008863
-0.113445
-0.148142
-0.404319
-0.329891
0.399343
0.488585
0.566154
0.109441
-0.108003
-0.197889
-0.038790
0.034712
0.427997
0.253547
0.346515
-0.003653
-0.231995
0.022039
-0.353913
0.112458
0.468384
-0.390752
0.368273
-0.344958
0.288410
-0.211389
-0.130646
-0.078263
-0.006267
0.275844
0.525648
0.567837
-0.264458
-0.341986
-0.370305
0.430024
0.401175
-0.475870
-0.131885
-0.343697
-0.287644
0.309376
0.179553
-0.311886
0.084033
-0.004440
-0.004389
0.112326
0.336016
0.063341
-0.299234
0.296493
0.155388
-0.456235
0.443729
-0.043243
-0.115925
-0.058868
0.549285
0.572403
-0.246462
0.487299
0.384635
-0.376697
0.268547
0.202390
-0.649923
0.133269
0.342973
-0.016692
-0.444580
-0.219446
-0.116972
0.195913
-0.218112
0.253267
-0.463223
0.221814
-0.150902
0.366064
-0.228352
0.029807
0.172877
0.461003
0.166022
0.255860
0.078318
-0.344511
0.572860
-0.100599
0.384367
-0.500266
-0.428747
0.018742
-0.493261
-0.541105
0.077082
-0.153538
-0.443464
0.275857
0.466150
-0.435233
0.393145
-0.321106
0.139359
-0.351825
0.424882
0.171936
0.359359
-0.236699
0.070538
-0.306105
0.398092
-0.124913
-0.219745
0.083621
0.391993
0.044399
-0.097737
0.219926
0.210349
-0.341370
0.218050
-0.499216
-0.391290
-0.247478
-0.092476
0.485647
0.201351
-0.083165
0.118415
0.018057
-0.121204
0.001804
0.193960
-0.483264
0.145191
0.116520
0.236329
0.066978
0.475247
-0.099188
0.332604
0.310422
-0.031489
0.254158
-0.398031
-0.298508
-0.322873
-0.049517
-0.487606
-0.346976
-0.482017
-0.313830
-0.025355
-0.213121
-0.042352
0.323088
-0.367893
-0.486623
-0.355054
0.245122
0.030736
0.023259
-0.256073
-0.269747
0.091567
0.438914
0.405440
-0.128560
0.025090
0.275667
-0.044000
-0.451201
-0.126381
0.296572
0.214327
-0.036857
-0.379010
-0.372806
-0.234041
-0.003129
0.010085
-0.121403
0.160118
0.419632
0.015802
0.470967
0.153760
0.144480
0.485206
0.299262
-0.114845
0.022667
-0.133227
0.181054
0.287932
0.424492
0.088508
0.115782
-0.414983
0.407077
-0.236088
-0.016683
-0.572200
0.151033
-0.116178
0.329901
-0.099829
0.317975
-0.321703
0.269242
-0.200456
0.137319
-0.491632
0.317537
-0.027144
0.022729
0.290976
-0.373703
-0.339728
0.278840
0.468769
0.097993
-0.178218
-0.216069
-0.287085
-0.461500
-0.402546
0.202448
0.087925
-0.348950
0.106667
0.359324
0.213540
0.170204
0.197668
-0.177578
0.181196
-0.289373
-0.350943
0.318140
0.358831
-0.179140
-0.118586
0.367321
-0.358259
0.353091
-0.120119
0.429963
0.532265
0.105934
0.231832
0.412352
-0.406241
-0.536668
-0.399662
-0.205329
-0.492404
-0.260510
-0.465920
0.164368
-0.027554
0.206653
0.065388
-0.225968
-0.042734
-0.135519
0.121968
-0.393968
-0.032309
0.162271
0.364399
-0.172385
0.485727
-0.256566
-0.318630
-0.376350
-0.346623
0.146334
-0.383268
-0.374820
-0.361968
0.219486
0.445814
-0.243940
0.261128
-0.333863
0.118644
0.378145
-0.035014
0.122156
-0.072727
0.377727
-0.172208
-0.426277
-0.300735
0.266849
-0.150342
0.229954
0.327456
0.317747
-0.106169
0.188879
-0.373627
-0.137315
0.474407
-0.104065
0.089811
-0.366630
0.456885
0.070128
-0.341271
-0.377918
-0.122625
-0.320402
-0.093316
-0.280856
-0.170638
0.407785
0.373755
0.150364
0.002166
-0.113600
0.090955
0.311403
-0.109057
0.215767
0.047374
0.240450
-0.053282
-0.128906
0.037391
0.315100
-0.411277
0.233182
-0.191178
-0.354434
-0.346750
0.289765
-0.373533
0.543276
-0.108712
-0.232379
-0.372867
0.228850
-0.160179
-0.121121
0.210440
0.030320
-0.231555
0.168760
-0.272404
0.241663
-0.498449
0.264747
0.037060
-0.106903
-0.019085
-0.418718
-0.383335
0.399747
-0.036573
0.197224
0.331765
0.154315
0.008581
0.579301
0.123073
0.025803
0.295580
0.152120
-0.019277
-0.411399
0.267150
-0.066479
0.126176
-0.449562
0.321029
-0.088659
0.081582
-0.442911
-0.465946
0.274677
0.292340
-0.463484
0.039567
-0.172514
-0.079616
-0.499014
-0.103338
0.048503
0.474194
0.459541
-0.151077
0.300662
-0.023246
0.216668
0.258344
0.474998
-0.357862
-0.043145
0.008430
-0.020932
-0.049317
-0.210466
0.470753
-0.394576
-0.201034
0.250366
-0.026296
0.360364
0.304670
0.008369
0.135246
0.096386
0.040334
-0.333657
0.411793
0.462553
-0.275238
-0.104691
0.112896
-0.270897
-0.185196
0.368118
0.420824
0.170365
-0.011474
0.101008
0.062985
0.062465
0.506572
-0.419271
-0.457539
-0.063211
-0.176508
0.472865
0.018637
0.112890
0.222377
0.493110
-0.026159
0.026983
0.002073
-0.389877
-0.376450
-0.447401
-0.204079
-0.395815
-0.386363
0.092392
0.019402
0.185363
0.241014
0.214296
-0.052032
0.072948
-0.206139
0.321167
-0.436967
0.257661
-0.173938
-0.451985
0.321753
-0.143828
-0.019781
-0.357111
-0.170691
0.499241
0.256143
-0.448372
0.492576
-0.269504
0.079013
-0.004713
-0.156649
0.209885
0.053569
0.136024
0.259637
0.063246
-0.397302
-0.356454
-0.390168
0.200926
0.213888
-0.055567
-0.305353
0.452646
-0.238205
-0.235390
0.225961
0.090885
-0.186440
0.047613
0.446811
0.293753
0.190502
-0.223880
0.292974
-0.053576
-0.172554
0.284787
0.176921
0.410368
-0.213857
-0.476828
0.105149
0.311842
0.125176
-0.153655
-0.140522
0.213545
-0.020124
-0.017154
-0.042252
-0.251886
0.469504
0.178357
-0.284831
-0.264756
0.444688
0.440837
0.325895
-0.241743
-0.011550
0.272706
-0.447990
-0.321048
-0.451174
0.344921
0.125419
-0.123737
0.129446
-0.199390
-0.219852
0.406040
-0.187442
0.384471
0.218245
0.445210
-0.254670
-0.395701
0.195184
0.258550
0.109066
-0.335048
-0.488268
0.080048
0.343894
-0.273189
0.315294
0.288590
-0.332352
0.141188
-0.453153
0.156098
-0.086106
-0.401142
0.335050
-0.037280
0.443863
-0.039354
0.339351
0.074406
0.263063
-0.377421
-0.016167
-0.419205
-0.485193
-0.287355
-0.462594
-0.230761
-0.178018
0.235147
-0.470989
0.431338
0.400163
-0.459244
0.011386
0.244056
-0.232433
-0.173320
0.032647
-0.064722
0.467960
0.080100
-0.407419
-0.115877
0.181916
0.430959
0.350389
0.128679
-0.107134
0.188544
-0.298763
-0.344968
0.310606
0.182794
-0.267719
0.322304
0.393655
-0.231369
-0.409115
-0.285203
-0.496769
-0.380621
-0.353865
0.403394
-0.339865
0.157577
0.147540
-0.072018
0.484621
-0.318554
0.365599
0.459747
0.273419
0.476894
-0.136217
-0.030979
0.412417
-0.287618
-0.402285
-0.194520
0.393212
-0.220762
-0.066017
0.178257
0.443193
0.151779
-0.008276
0.329842
0.416352
0.079965
-0.455634
0.419481
0.199344
-0.309447
0.322962
0.359845
0.348594
-0.028378
-0.205789
0.347908
0.177613
-0.308916
0.324545
-0.065400
-0.397845
-0.405659
0.309726
0.450795
-0.218063
0.412756
-0.228856
-0.320344
-0.321120
0.176755
0.330962
-0.397580
-0.181384
-0.183425
0.431014
-0.265559
0.396623
0.475461
-0.346056
0.095574
-0.335007
0.474741
-0.038738
-0.460319
-0.001220
0.331959
0.453973
-0.286186
0.478956
0.184685
0.028909
0.487153
0.216347
-0.179623
0.412952
-0.495322
-0.263409
-0.282531
-0.306015
-0.075085
0.404449
-0.469283
0.029754
-0.277271
-0.152527
-0.039304
-0.042949
-0.257619
-0.065547
0.106218
0.351724
0.139514
0.133540
-0.123106
0.248094
-0.274021
-0.249275
0.154376
-0.156910
0.603264
-0.277691
0.236219
0.434733
0.295949
0.437808
0.375003
0.362797
-0.250773
-0.355586
-0.409199
0.187546
-0.451277
-0.379593
-0.282768
-0.228876
-0.034746
0.170824
0.215645
0.223147
-0.346179
-0.116606
0.144793
0.341940
0.543415
0.450442
-0.073929
0.553534
0.445518
0.343319
-0.308901
0.370534
0.378574
0.196800
0.230415
0.233599
0.235486
0.158463
0.117091
0.490833
0.296736
0.202963
0.176142
0.345059
0.322013
0.387057
-0.388972
-0.181770
0.117448
0.431751
-0.361830
0.309225
-0.177144
0.164728
-0.014217
-0.293788
-0.026805
0.278301
-0.310540
-0.082911
0.097325
-0.302466
-0.351423
-0.019583
0.447873
0.362678
-0.349269
0.137868
-0.003871
0.257498
0.122650
-0.212030
-0.048530
-0.205767
-0.365866
-0.203106
-0.220144
-0.132360
0.188740
0.371162
-0.307805
0.133090
-0.027241
-0.197391
-0.386085
0.344034
-0.022625
0.183262
0.208585
0.054385
0.415445
-0.252842
0.224816
0.454984
0.056715
0.052165
0.262037
0.188867
-0.318251
-0.251710
-0.069184
0.297913
0.023547
0.396680
-0.293280
0.276839
-0.213592
-0.125058
0.476020
0.287182
-0.447191
-0.520449
-0.260912
-0.029507
-0.100156
0.163545
0.070874
0.357600
-0.344073
-0.348491
-0.198268
0.379875
-0.340192
0.350482
0.256130
0.190836
-0.107427
0.005302
-0.141072
0.067435
0.240737
0.320596
-0.027138
-0.113154
0.262634
0.048279
-0.433426
0.415854
0.258488
0.295647
0.018640
0.292105
-0.461962
-0.262450
0.164273
-0.024402
0.187828
0.532011
-0.345562
0.098578
0.438655
-0.231367
-0.095081
-0.423817
-0.390760
-0.350944
0.245348
-0.000515
0.151961
-0.333803
-0.344142
-0.018373
0.484253
0.044660
0.358385
0.277766
-0.494703
0.148927
-0.041852
0.185527
0.232918
0.013079
0.473974
0.380891
0.060370
-0.076196
-0.327872
0.516293
-0.255723
-0.341063
0.065862
-0.330516
-0.079174
0.459952
-0.270919
0.035621
-0.375183
-0.468029
-0.388809
0.335517
-0.286174
-0.241487
-0.120780
-0.237942
0.167994
-0.564711
0.178127
0.033870
0.315930
0.157071
0.242762
0.220643
0.552374
0.038269
-0.060695
-0.088808
0.273269
-0.036226
-0.101736
-0.490466
0.119998
0.458443
-0.333894
-0.447264
0.422398
-0.070456
0.086327
-0.416451
0.008521
0.247820
0.446894
0.149979
0.290672
-0.465005
0.059624
-0.140973
-0.329709
0.211585
-0.161400
-0.350641
-0.158856
0.431975
0.223343
-0.293606
-0.203344
-0.474331
0.095469
-0.435209
-0.012485
0.489284
-0.432783
-0.379903
0.444090
-0.266846
-0.346992
0.418756
0.247068
0.341266
0.471673
-0.385947
-0.187744
0.159009
0.049422
-0.397022
0.419265
0.053328
0.315491
-0.211881
-0.194330
0.542620
-0.197383
-0.038490
0.316317
0.395427
0.145437
-0.390965
0.420788
-0.261962
-0.325762
-0.073549
-0.264644
-0.259329
0.049677
-0.220165
0.115722
0.264150
-0.387587
-0.373935
-0.225182
-0.643183
-0.349330
0.203128
0.330794
-0.374854
-0.334339
0.462553
0.178790
0.363466
-0.371924
0.299700
0.250932
-0.195846
-0.262154
0.064556
-0.300049
0.381609
0.174665
-0.347273
-0.350985
0.382343
0.132374
0.011253
-0.259761
-0.382461
0.007056
-0.080021
-0.047298
-0.096504
0.119032
-0.426690
0.186374
-0.323311
0.555592
0.140225
-0.256248
-0.382576
0.008311
0.229640
0.318309
0.016502
0.004956
0.065688
0.320906
0.240715
-0.368963
-0.447902
0.163013
0.379044
-0.188793
0.468124
0.312826
0.220034
-0.458646
0.012608
-0.048898
-0.008450
-0.255225
-0.073977
-0.124431
-0.268256
0.175677
0.563887
-0.193969
0.150701
0.103474
-0.158167
0.109096
-0.493167
-0.450173
-0.076462
0.022096
0.051297
0.485976
-0.126450
-0.140516
-0.253534
0.083039
0.654295
0.612124
0.096547
0.164437
-0.085514
-0.476844
0.204048
-0.168157
0.464157
0.075713
0.290582
-0.085171
0.338841
0.365283
0.480518
0.258653
0.472479
-0.004747
-0.217249
-0.199725
-0.397125
-0.210433
-0.154428
0.018841
0.338921
0.470758
0.168983
-0.089865
-0.031661
0.371421
0.204300
-0.257837
0.059397
-0.468302
0.353352
-0.231294
-0.158319
0.256303
0.116116
-0.342038
-0.367487
-0.322978
-0.066966
0.291570
0.373630
-0.192741
-0.001897
0.340409
0.302797
0.281986
-0.362211
0.399699
-0.405842
0.059719
0.090508
0.592203
0.132028
0.683063
-0.235024
0.271517
0.210543
0.173292
0.369958
-0.177078
0.203676
0.168665
-0.094249
0.312630
-0.310884
0.258128
0.325710
-0.350279
0.317146
-0.312934
0.410276
0.189461
-0.005760
-0.091180
0.030095
-0.207478
-0.300646
0.220217
-0.190628
-0.093220
-0.155361
0.321937
-0.126821
0.286013
0.291906
-0.124557
-0.169633
-0.187779
0.276667
0.419833
-0.123698
-0.166803
-0.067480
0.081011
-0.466965
0.023200
-0.218391
0.315514
0.156566
-0.402529
-0.497828
0.067215
0.287679
-0.007241
0.470802
-0.175260
0.298885
-0.306311
0.539005
0.595715
0.116938
-0.124161
0.350658
0.242585
0.292026
-0.274532
0.161934
0.299454
-0.145223
-0.055185
0.226792
0.177628
0.244577
-0.345006
-0.262467
0.250462
0.169944
0.017341
0.065258
-0.172789
0.114570
0.059858
0.375527
-0.121814
-0.463659
0.306768
0.211162
0.446891
-0.259119
0.442506
0.577366
0.128948
0.435422
-0.006158
-0.512123
0.033944
0.176168
0.239596
-0.080699
-0.435019
-0.279978
-0.328995
0.233000
0.449193
-0.178828
0.469308
0.199603
0.491296
-0.013195
-0.239929
-0.197059
-0.416358
0.278908
-0.355289
-0.053508
0.389072
-0.340116
-0.147378
0.359490
-0.323932
0.406877
0.045722
0.007794
0.240198
-0.421676
0.082374
-0.154329
0.281554
-0.148347
0.272214
0.343779
0.063973
0.439791
0.076048
0.013491
-0.238901
0.045181
-0.288786
-0.254298
-0.480959
-0.049165
0.026070
-0.407195
-0.219672
0.251110
0.111402
-0.331785
0.293729
0.263242
0.354607
0.387482
0.241431
0.045361
0.032030
0.070526
0.151943
-0.367796
0.417665
-0.066849
-0.019049
0.188399
-0.223656
-0.455204
0.128191
0.352417
0.057627
0.387752
-0.105120
0.268168
-0.357417
-0.063692
-0.236952
0.220304
0.071669
0.055629
-0.024019
-0.327370
0.231275
-0.178608
-0.457649
0.215997
-0.178864
0.346545
-0.212003
0.364465
-0.081207
0.441266
0.496442
-0.163498
-0.125587
-0.022677
-0.475098
0.150757
0.022119
0.152922
0.002775
-0.420241
0.041642
0.399832
0.351442
0.182242
-0.170389
-0.403401
-0.114773
0.380488
0.146307
0.374441
-0.411315
-0.077389
-0.264509
-0.346634
-0.350838
0.059298
-0.499594
-0.062333
-0.076223
-0.080809
-0.121034
-0.079782
0.255693
0.253379
0.397541
0.280595
-0.095864
-0.080340
-0.066313
0.407284
0.000065
0.475934
0.308179
-0.148149
0.159387
-0.361174
-0.047095
-0.446353
-0.467265
-0.386793
0.439121
-0.373188
0.038568
-0.324504
-0.219812
0.187766
0.234831
-0.219407
-0.374567
-0.341393
0.199784
0.004399
0.078825
-0.044523
-0.242222
-0.023828
-0.264123
0.161720
0.395832
0.169565
0.069198
-0.103909
0.145693
-0.122623
0.247942
-0.194920
0.016203
-0.299153
-0.141273
0.048938
-0.185946
-0.202151
0.175750
0.352622
-0.026655
0.455938
0.040389
-0.291825
-0.263469
0.165822
-0.133217
0.436121
-0.329973
0.445414
-0.108403
-0.072195
-0.078220
0.127669
-0.410086
-0.182000
-0.202378
0.159168
0.214148
0.443371
-0.463511
-0.037967
-0.251605
0.052692
0.162880
0.107122
-0.398370
0.476935
0.404971
0.277380
0.329557
-0.121684
0.233318
-0.130054
0.086491
0.469743
-0.464339
0.452947
0.404262
-0.296319
0.396221
-0.205709
0.130161
-0.182156
0.423819
0.223455
0.139185
-0.276139
-0.116879
-0.147512
-0.333245
-0.080498
0.314982
-0.084850
0.472194
-0.022138
-0.477727
-0.426176
-0.045203
0.427244
0.351204
-0.215646
-0.194531
0.082936
0.151545
0.386414
0.046270
0.180454
0.334800
-0.050506
0.388170
0.238329
0.256382
0.029998
-0.432983
0.185099
-0.245898
0.204399
0.407279
0.136639
-0.443171
-0.425737
-0.443782
0.371851
-0.010344
-0.471345
-0.150287
0.011929
-0.397521
0.304474
-0.061610
0.450382
-0.415480
0.236653
0.027870
0.231217
0.125620
-0.417707
-0.073709
-0.023105
0.047813
-0.174540
-0.275957
-0.190797
0.357075
-0.210421
0.494253
-0.387405
0.494810
0.403257
0.250141
-0.447833
0.478167
0.306693
0.424018
-0.032177
0.335362
-0.226627
0.478074
0.434636
-0.426578
-0.087758
0.383026
-0.340142
-0.341307
-0.074934
0.407968
0.296323
0.016029
-0.162955
-0.220690
-0.426104
0.170532
0.007524
-0.113591
0.032406
0.300701
-0.115963
0.146350
0.296594
-0.212961
-0.104168
0.347705
-0.235255
-0.297958
0.271328
0.230958
-0.464783
-0.457515
0.207298
0.470148
-0.378923
-0.368301
0.368723
-0.207341
-0.208343
-0.211228
-0.306274
-0.408019
0.317183
0.042969
-0.123923
0.392743
-0.282058
0.387676
-0.217522
0.250755
0.188581
0.165248
-0.104943
-0.017475
0.450893
0.290191
-0.170217
-0.285209
0.491478
-0.399475
0.445337
-0.472081
-0.352638
0.162949
-0.491418
-0.227368
0.287190
0.365221
0.055185
-0.415344
-0.330642
0.262085
-0.319305
0.486664
-0.192661
0.060322
0.383543
0.025519
-0.052362
-0.335125
-0.225665
-0.366363
0.328721
0.169191
0.116052
0.279291
-0.041298
0.444752
0.492883
-0.049454
-0.451500
0.446791
-0.015723
-0.304484
0.099458
-0.018336
-0.039111
-0.105461
-0.139327
-0.472635
-0.019478
0.029375
0.290448
0.163179
0.018763
-0.401465
-0.275465
-0.096665
0.124136
0.170987
0.067269
0.398471
0.304572
-0.104367
0.067233
-0.080514
-0.326176
-0.473918
-0.132099
-0.327879
-0.021659
-0.088052
-0.390405
0.456763
0.107452
0.216931
-0.049658
-0.423551
-0.388327
0.310246
-0.394801
0.094764
-0.157048
0.397698
-0.239082
0.364016
0.497875
-0.014743
-0.233120
0.122011
-0.343756
0.333904
0.019786
0.459609
-0.271143
-0.412806
-0.117598
-0.094948
-0.387388
0.247074
0.074071
0.092570
-0.335262
0.191652
0.058340
0.275468
-0.091598
-0.492075
0.352470
0.021518
0.320398
0.459795
-0.380036
-0.334066
0.359285
-0.119330
-0.470050
0.357159
0.365927
-0.203391
-0.021470
-0.479051
-0.370282
0.497772
0.482443
-0.141088
-0.415986
-0.136745
0.264363
-0.299327
-0.388270
-0.158761
0.294768
-0.224361
-0.463770
-0.143688
-0.447556
-0.058082
-0.136725
0.406613
0.466868
-0.313428
0.367977
-0.413380
-0.147494
0.227262
-0.032710
-0.117764
0.083715
-0.168295
0.176665
-0.438608
-0.144820
0.308412
-0.439932
-0.163458
-0.332510
-0.354170
0.196462
0.432178
-0.152054
0.312868
-0.219725
-0.347782
-0.406741
-0.185817
0.006916
-0.352620
0.259608
0.372927
-0.444613
0.226557
-0.440200
0.423364
0.313177
-0.087705
0.150099
-0.220738
0.292180
-0.267069
0.113025
-0.027689
-0.203904
0.467590
-0.217122
-0.142207
-0.198235
-0.049564
0.006837
-0.494140
-0.108933
0.364682
0.324959
0.173180
-0.481874
0.421081
0.491301
0.027744
-0.430111
0.251439
-0.098694
-0.374725
-0.022004
-0.038712
-0.451630
-0.210260
0.371119
0.198212
0.072836
0.168089
0.433004
-0.316238
-0.360662
-0.271251
-0.348968
-0.074531
0.091425
-0.042653
0.377790
-0.395079
-0.030860
-0.226833
0.473226
-0.200926
0.451480
0.494175
-0.278413
0.443601
0.022588
-0.208525
0.195040
0.424077
-0.083518
-0.328327
-0.116344
-0.034665
-0.033524
-0.240115
-0.336079
-0.463288
0.426137
-0.404205
-0.280643
-0.430499
-0.168709
-0.127266
-0.008471
0.422673
0.333609
-0.127044
-0.467228
-0.190961
0.153417
-0.490982
0.109736
0.105637
-0.496138
0.331323
0.049238
0.026633
-0.377431
-0.257291
-0.051028
0.039005
-0.080879
0.336506
-0.495610
0.381744
-0.406225
-0.331984
0.417007
-0.478111
-0.231334
-0.363798
-0.413683
0.096752
0.009948
0.079655
0.025065
-0.149675
0.461463
0.061474
0.161315
0.115899
0.071064
-0.228746
-0.278464
0.075089
-0.397682
0.268986
-0.400174
-0.276057
-0.484584
0.051184
0.262933
-0.067825
-0.111971
0.269120
-0.185886
-0.016862
0.439335
-0.271151
-0.002149
-0.295967
-0.134948
0.085172
0.305715
0.382564
-0.325601
-0.164705
-0.264685
-0.363038
0.397424
0.397233
0.253123
-0.031087
-0.332034
0.472773
-0.458838
-0.231762
0.243138
-0.359031
-0.007892
0.260209
0.197527
-0.239082
-0.307056
-0.414763
-0.470686
0.002735
0.059747
0.465285
0.232172
-0.439663
-0.323641
-0.393289
0.155573
0.486780
0.491275
0.330764
-0.177370
-0.272872
0.467988
-0.279631
-0.376307
0.219064
0.186530
-0.211229
0.190356
0.227968
0.059689
-0.060404
0.376341
-0.441895
-0.301291
0.071890
-0.184674
-0.112409
0.151283
-0.154230
0.393927
-0.282096
-0.180074
0.136136
-0.213518
-0.000362
0.244678
0.442739
-0.013127
0.236354
0.273765
0.309596
0.462853
0.239158
-0.472957
-0.417949
-0.044713
0.211581
-0.126883
-0.344613
-0.051897
0.438562
0.093746
-0.176815
-0.504668
0.290552
0.393848
-0.184832
-0.314144
0.054574
0.170902
-0.411116
0.277808
0.493230
0.226900
-0.435023
-0.006497
-0.028421
-0.492316
0.480500
-0.292952
0.280536
0.287547
-0.334011
0.015721
0.311567
-0.249993
0.479528
0.033210
0.131165
-0.365032
0.480917
0.070067
0.230660
-0.192180
0.074284
0.032961
-0.286716
0.398864
0.224808
0.271024
0.071708
0.315402
0.049519
0.065256
0.042303
0.114496
-0.441249
-0.486361
0.122061
-0.461662
-0.280536
-0.100450
0.323690
-0.114374
0.421209
0.144088
0.145201
0.405716
-0.317546
-0.218683
-0.452312
-0.329518
0.362038
0.287950
-0.012048
-0.057335
-0.175409
0.202437
-0.157648
-0.449746
-0.026195
0.414060
0.365657
-0.476677
-0.020685
-0.092041
0.137814
0.038214
-0.077611
-0.239017
0.078312
0.143757
0.163366
-0.093877
-0.464706
0.089108
-0.445573
0.185343
-0.000349
-0.259361
0.471031
0.050662
-0.085759
0.334949
-0.160080
0.402217
-0.222386
0.164511
0.104654
0.119965
0.214766
-0.421542
0.034025
0.080422
-0.398218
-0.486659
0.488706
0.240173
0.051988
-0.088652
0.500476
-0.370675
-0.445618
0.163860
0.034949
-0.410816
-0.247570
0.089495
0.274330
0.251885
0.330157
0.245415
-0.197399
-0.255575
0.080364
0.142521
-0.353359
0.357978
-0.192968
0.251295
-0.022057
-0.478202
0.329754
-0.488032
0.102120
0.431432
-0.474762
0.090602
0.171135
0.076724
-0.499176
0.170766
0.205347
-0.445563
-0.166143
-0.259805
-0.356406
0.086260
0.329690
0.417979
-0.161801
0.159901
0.163394
0.140800
0.404326
-0.256242
-0.216679
-0.449033
-0.398265
0.090354
0.302262
0.079678
0.112152
0.132015
0.091647
-0.285627
0.063550
0.116955
0.304975
-0.265314
-0.306321
0.305799
0.405452
0.399026
0.360237
-0.260691
-0.360779
-0.496142
0.325596
0.468939
0.421837
-0.336204
0.128840
0.085230
0.304596
0.033165
0.328988
-0.412083
0.084132
0.430723
0.178271
-0.113606
0.010402
-0.209577
-0.482141
-0.398502
0.004329
0.081493
0.219004
-0.190229
0.316645
0.412683
-0.384429
0.222097
0.311709
0.475807
0.461406
0.450930
0.479666
0.287003
0.419869
0.401503
0.450798
0.048708
-0.013316
0.255317
-0.418548
-0.184803
0.341979
0.164432
-0.255669
0.018544
-0.451569
0.252854
0.307715
-0.434860
0.353795
-0.186266
0.151163
0.077693
0.126551
-0.030522
-0.009827
0.241747
-0.308489
-0.197710
0.217951
-0.347083
-0.246780
0.197616
0.439892
-0.326972
0.098952
0.390334
0.220868
-0.415692
0.142411
0.297303
-0.108554
-0.022632
-0.043686
0.135038
-0.499390
0.010244
-0.102316
0.323199
0.101293
-0.225586
-0.352243
-0.250076
0.342985
0.266011
0.214636
-0.168199
0.008530
0.406575
0.134528
-0.273519
-0.440553
0.387632
0.424111
0.498900
-0.441490
0.014856
0.371986
0.254576
0.073822
-0.007414
0.037935
-0.516226
-0.491464
-0.438456
0.179373
-0.438648
0.092348
-0.418498
0.368450
-0.325357
-0.170872
0.500472
-0.082740
-0.330940
0.265977
-0.368347
0.001178
-0.225585
-0.461808
-0.364611
-0.001701
-0.408201
-0.493068
-0.112037
-0.466768
-0.512897
0.288120
0.284102
0.166736
-0.104480
-0.059778
-0.051395
0.093996
0.083670
0.041693
-0.217868
0.134810
-0.381219
-0.189035
-0.039257
-0.234514
0.117872
-0.055116
0.174785
0.286326
-0.289099
0.306445
-0.213450
-0.019019
0.332325
-0.105658
0.434572
0.382536
-0.114087
-0.137574
-0.535227
-0.088377
-0.212892
-0.467049
-0.053902
0.478622
0.108212
0.358326
0.014332
-0.307591
-0.055503
0.276051
0.229278
-0.028794
-0.496090
-0.370019
0.205760
0.118810
0.076051
-0.119901
-0.096775
0.282318
-0.313616
0.181025
-0.229960
-0.452008
-0.386843
-0.298890
0.347583
-0.059812
0.122674
-0.464595
-0.333824
-0.375590
-0.363032
0.062751
0.529179
0.244761
-0.034652
0.022443
0.249273
0.234280
-0.354701
-0.127004
-0.350408
-0.356864
0.006769
0.356740
0.258896
-0.422407
-0.261899
-0.328027
0.368868
-0.052057
0.301513
-0.442188
-0.149698
0.396500
-0.109657
-0.060198
0.050071
-0.374033
0.004690
0.204321
-0.283094
0.154611
-0.257788
-0.376045
-0.372902
-0.008189
-0.026161
0.259693
-0.333862
0.115669
-0.360117
-0.179314
0.258504
0.142283
-0.323147
0.028381
0.228907
-0.122236
0.063459
-0.021247
0.246708
0.072083
0.255980
-0.187572
-0.002084
-0.352871
0.234725
-0.378504
-0.239377
-0.225836
0.262624
-0.167679
0.143440
0.314859
-0.162113
0.209265
-0.224802
0.322389
-0.017461
-0.052635
-0.059520
0.116267
0.256818
-0.285980
-0.244800
0.349599
0.092623
0.429908
-0.074468
0.062653
0.209076
-0.297109
0.339088
-0.224063
-0.073196
-0.043211
-0.054198
-0.292654
0.065951
0.145319
-0.191204
-0.300463
0.450882
0.473929
-0.468542
-0.177627
0.204312
-0.187968
-0.355096
-0.322467
0.244688
0.095929
0.283508
-0.031149
0.226820
-0.327333
0.138935
0.184092
-0.236776
0.284701
0.300883
0.108238
0.405084
0.317446
0.399121
-0.128122
-0.188139
-0.108662
0.051814
0.306016
-0.411332
0.441882
-0.426478
-0.412091
0.439059
-0.389513
-0.088899
0.137662
-0.072633
0.080468
0.345041
-0.300588
-0.293925
0.320476
0.396125
0.616948
0.292063
-0.424886
-0.108312
0.291889
0.472995
-0.101422
-0.099156
0.318769
-0.324693
-0.160643
-0.263071
-0.064220
0.309212
0.399232
-0.162069
0.446701
0.361914
-0.084456
-0.463715
0.296446
0.044878
0.004540
0.037736
0.535423
0.651098
0.012545
-0.128869
-0.166090
0.356416
0.166495
-0.447191
0.217775
0.571862
0.132642
-0.060402
0.348802
0.305133
0.232109
0.128438
0.390694
-0.370967
0.469401
-0.084924
0.481746
0.385856
0.256016
0.429823
0.249215
-0.287756
0.559155
0.204179
0.408179
0.139425
0.717753
0.350453
0.012642
-0.318910
0.117809
0.059299
-0.154838
0.233889
0.319310
0.375830
0.012523
-0.366674
-0.403769
-0.311092
0.284478
0.326167
0.371482
0.243088
0.489070
0.354962
-0.338445
0.471601
0.240164
0.454525
0.522589
0.192487
-0.149225
0.606039
-0.192218
0.440185
-0.185979
-0.558893
-0.180846
0.240446
-0.012153
-0.103339
-0.014712
0.070062
0.243386
0.364691
-0.326328
-0.475806
0.310951
-0.273917
-0.285862
0.145782
-0.419737
-0.400729
-0.109237
-0.438901
0.432502
0.075204
-0.307173
0.403529
0.197075
0.641834
-0.101490
0.159957
0.234957
-0.379379
-0.190043
-0.333801
-0.010512
0.503280
0.469014
0.158565
0.447271
0.505868
0.437636
-0.048078
0.201782
-0.407225
-0.016253
0.066633
-0.151445
0.212221
-0.288267
-0.089409
0.269787
0.092286
0.106205
0.422245
-0.172089
0.200334
0.080301
0.180923
-0.046737
0.121711
-0.248636
-0.083766
0.579605
0.209420
0.087876
-0.213293
-0.129725
-0.344891
0.086048
-0.467533
-0.524700
0.069839
0.052241
0.250030
0.203096
-0.444326
-0.185661
-0.473453
0.198419
-0.014543
0.031168
0.168386
-0.291868
0.483128
-0.124917
-0.202353
-0.016164
0.315386
0.484532
0.592051
0.119635
-0.231870
-0.026016
-0.046839
0.215884
0.122403
-0.170708
0.265353
0.127648
-0.442947
0.442125
0.201698
0.176055
0.015343
-0.048597
-0.154083
-0.008520
0.191261
-0.099373
-0.150340
-0.212633
0.340992
0.334685
-0.112159
0.338780
-0.200495
0.309116
0.015746
-0.313104
0.227092
0.005214
0.039166
0.293260
0.108674
0.205093
-0.198474
-0.274134
-0.232377
-0.240498
0.458001
-0.133484
-0.286401
0.156566
-0.493278
0.132886
-0.503994
-0.211776
-0.302237
0.275098
0.189361
-0.009108
-0.376505
0.231254
0.097970
0.272465
0.262560
0.333582
-0.139636
-0.449157
0.286450
-0.475974
-0.131202
-0.199823
0.275564
-0.424780
-0.243388
-0.233150
-0.108510
0.052897
0.030449
-0.157401
0.380921
0.148125
-0.626625
0.219449
-0.234459
-0.522417
-0.294966
0.124297
-0.525403
-0.221355
0.051403
-0.090490
0.575519
0.438706
0.321258
0.062974
0.137946
-0.293184
0.115132
0.097489
-0.179170
-0.370511
-0.391534
-0.245059
-0.218345
-0.112013
0.025345
0.167467
0.407030
-0.524748
-0.599992
0.109658
0.036387
-0.657454
0.150856
-0.296234
-0.339631
-0.193168
-0.279224
-0.134952
0.030595
0.004680
-0.074568
-0.094529
-0.161532
-0.236284
-0.464739
-0.305358
0.104035
0.280309
0.437704
-0.469106
0.461606
-0.433338
-0.210765
-0.259708
-0.064389
0.262235
0.313868
-0.292796
0.136770
0.246335
-0.354543
0.106974
0.466740
-0.359355
0.521628
-0.221726
-0.119169
0.537456
-0.115914
0.220601
-0.053271
0.252955
-0.358777
0.380876
-0.410263
-0.255881
-0.342800
0.256403
-0.447501
-0.390655
0.289849
-0.487181
-0.331613
-0.437026
-0.284503
0.050488
0.298349
-0.372692
-0.478525
0.268709
-0.332605
-0.148922
0.014265
-0.297067
-0.069218
-0.040469
-0.199337
0.201356
-0.083831
0.055707
-0.155672
0.330390
-0.158865
0.025320
0.266411
-0.030433
0.284929
0.431024
-0.272289
0.336960
-0.460887
-0.481645
0.354939
-0.273664
-0.367361
-0.301717
0.468138
0.625442
-0.073399
0.472823
0.350383
-0.024978
-0.267993
-0.228237
0.060947
0.039940
0.094845
0.213278
-0.347560
0.457209
-0.218568
0.021409
0.318848
0.144247
-0.442703
0.088805
-0.384976
0.341942
0.020001
-0.154578
0.188266
0.081200
-0.099024
0.100933
0.358601
0.043957
0.219145
0.162788
-0.017003
0.425636
-0.033066
-0.331769
-0.230639
0.109468
-0.121961
0.282637
-0.345161
0.478686
0.013346
-0.176004
0.450440
0.306532
0.352032
0.271387
-0.048121
0.409329
-0.139869
0.068447
0.254071
0.386054
0.420569
-0.049191
-0.028995
-0.188820
0.508007
-0.243245
0.256943
0.115661
0.337042
-0.330376
0.007197
-0.177264
-0.123170
0.334699
0.483399
0.286208
0.143340
-0.343707
0.273648
-0.338518
-0.017616
0.224562
0.468549
-0.165584
-0.004051
-0.079571
-0.256004
0.356374
0.487834
0.496049
0.238088
0.400329
-0.067206
-0.316305
-0.325988
-0.104626
-0.100704
0.401790
0.495282
-0.263940
-0.424859
0.016547
0.070655
-0.040353
-0.141181
0.060023
-0.251008
-0.496718
0.216548
-0.477405
-0.335236
-0.301067
0.247157
-0.366686
0.033348
-0.256894
0.053743
0.277093
-0.400753
0.041075
0.272392
0.335409
-0.061827
-0.300984
-0.488084
0.105352
0.087725
-0.095044
0.000659
0.078877
0.138513
0.074408
-0.405152
-0.290722
-0.465817
-0.046327
0.269301
-0.216825
-0.043045
-0.014150
-0.194230
0.121719
0.184782
-0.447074
0.254794
-0.282104
-0.204409
-0.191940
0.494105
-0.105822
0.349240
0.268176
-0.267844
-0.211061
0.466594
-0.257591
0.392540
0.053718
0.147085
-0.106243
-0.366911
-0.214054
0.468185
-0.272048
-0.004776
-0.497632
0.181625
-0.235475
-0.214457
-0.361473
0.250383
0.091141
0.259625
-0.067963
0.138697
0.005915
0.139124
0.427261
0.314592
0.140653
-0.172063
0.159077
-0.105559
0.041515
0.437252
-0.133463
0.298775
0.349979
0.435032
-0.043802
-0.251090
-0.430040
0.242097
-0.283065
-0.202088
-0.262667
-0.280698
0.479279
0.002244
0.006484
-0.381188
-0.246390
-0.403242
0.372119
0.187088
0.264037
-0.063435
-0.095760
0.237322
-0.247591
0.486341
-0.505935
0.352762
-0.127400
0.062192
0.342830
0.283185
-0.110531
0.208192
0.224728
0.347330
0.457394
0.294744
0.089468
-0.325570
-0.407527
0.327206
-0.101526
-0.416216
-0.162775
0.401868
-0.281159
0.133611
0.558475
-0.340716
-0.140736
0.297825
0.032341
0.191895
-0.003485
0.220791
0.111494
-0.055044
0.079640
-0.488728
-0.485190
-0.074683
0.291515
-0.094445
-0.365530
0.016045
-0.246895
-0.407742
-0.190902
0.339514
-0.227734
-0.100937
0.135861
0.109548
-0.073538
0.460555
0.046941
0.135942
0.027046
-0.003402
0.220408
0.379992
-0.129980
-0.232873
-0.020543
0.218341
0.397763
-0.429558
-0.359477
-0.049630
-0.442528
-0.350036
0.375478
0.348145
0.055603
-0.489871
-0.137065
0.306783
-0.377563
0.171568
0.133001
-0.109656
-0.328452
-0.050095
-0.349647
0.083850
-0.210817
0.039953
-0.277016
0.455232
-0.290764
0.478358
0.245128
-0.060388
-0.319424
-0.287459
-0.365907
-0.470053
-0.247637
-0.233447
-0.020937
-0.190700
-0.082666
-0.144386
-0.341442
0.473080
-0.113751
0.046179
0.324643
0.108281
-0.113525
0.083522
0.377287
-0.270947
0.176213
0.293987
0.312324
-0.323607
0.048869
-0.411787
0.453779
0.083887
-0.488825
0.190574
-0.504012
-0.354204
0.402680
-0.354734
-0.315520
-0.342099
-0.082887
0.170880
-0.025667
0.347711
-0.439579
0.180255
0.407929
0.100132
-0.117238
0.232622
0.370244
-0.152890
-0.451179
0.228649
0.220387
0.421794
0.138099
-0.052575
0.283661
0.431514
-0.039903
0.251467
0.036789
-0.031812
-0.006072
0.094451
0.147373
-0.093391
0.248401
0.342476
0.078456
-0.316234
0.046728
-0.383502
0.618134
0.224250
0.325499
0.344716
0.388600
0.293941
-0.023123
0.442114
-0.127574
0.084343
0.036970
0.225291
-0.433853
0.393248
-0.358364
0.411572
0.417823
0.148314
0.246884
0.043583
-0.337711
-0.245934
-0.351131
0.322039
0.175748
0.403541
0.188328
-0.187402
-0.325024
-0.178902
-0.155222
-0.473801
0.097780
0.407041
0.500734
0.334357
0.439400
-0.110822
-0.119845
0.264409
-0.051214
0.142862
0.015208
0.114682
0.161394
0.220775
0.102066
0.145340
-0.101872
-0.145187
-0.302626
0.067065
0.117250
-0.163851
-0.117976
-0.196098
-0.199049
-0.403729
-0.027041
-0.347389
-0.454100
0.254398
-0.021691
0.498945
0.306882
-0.293817
-0.137414
-0.271229
-0.373834
0.060074
-0.410115
0.182544
-0.175770
0.148097
-0.165207
-0.487596
-0.126129
0.434114
0.163012
0.274015
-0.215292
0.326476
-0.202052
0.334810
-0.329695
0.147410
-0.508846
-0.381090
-0.020049
0.127907
0.252032
0.455895
-0.013837
0.436037
0.094802
0.350259
0.304820
0.411752
-0.263385
-0.438249
0.091946
-0.138610
0.267682
0.427917
-0.497674
-0.402805
0.441723
-0.123524
-0.480181
0.053508
-0.414175
-0.285980
-0.163026
-0.192139
-0.551435
-0.236677
-0.558598
-0.166964
-0.415082
0.465605
0.565125
0.114592
0.133475
-0.252620
-0.090162
-0.190953
-0.228860
-0.138612
-0.147570
0.073189
-0.038862
0.459697
0.427800
-0.276995
0.386678
0.430086
-0.193071
0.278421
-0.266063
-0.276499
-0.230481
-0.287521
-0.186327
-0.008355
0.241431
0.333473
0.059391
-0.269043
-0.233840
-0.099993
0.365533
-0.343576
-0.451441
0.167569
0.037125
0.064191
-0.387999
0.390275
0.474871
-0.016507
-0.040872
-0.069368
-0.058906
-0.114981
0.139523
-0.213346
-0.255182
0.354505
-0.497926
-0.098370
-0.453610
-0.132174
-0.440924
0.582529
0.093060
-0.352230
0.319125
0.312500
-0.449248
-0.458592
-0.170573
-0.442384
-0.204175
-0.018643
0.344541
0.398997
-0.409316
0.471752
0.282597
-0.441028
-0.046827
-0.261097
-0.020230
0.363002
0.067063
-0.433159
-0.371397
0.291582
-0.509732
-0.144707
0.205394
0.184845
0.676894
0.255141
-0.122738
-0.176184
0.052074
-0.321524
-0.302471
0.195536
-0.145223
0.181900
0.384286
0.206941
-0.304832
0.236089
0.093240
-0.224042
0.205648
-0.129197
-0.171184
-0.366428
0.063675
0.255318
-0.494243
-0.295879
0.454650
-0.091096
-0.033146
-0.060351
0.406897
0.313218
-0.045458
0.025381
-0.217103
0.303189
0.355549
-0.506151
-0.278597
-0.219822
0.337868
0.119664
0.472004
0.214899
-0.194088
-0.343562
-0.053202
0.392698
-0.073643
-0.370127
-0.272227
0.185966
-0.229363
0.375855
0.159805
0.071025
-0.036247
0.402537
0.363567
-0.160141
0.044482
-0.242881
-0.520360
-0.456981
0.307449
-0.045250
-0.386818
0.402093
0.068594
-0.152062
-0.329759
-0.115323
0.445610
-0.365125
-0.405144
-0.257356
-0.214587
0.025446
-0.383331
0.151085
0.160732
-0.049672
0.092774
-0.270411
0.084509
-0.163313
-0.013569
-0.102628
0.057533
-0.449035
0.204694
-0.306407
-0.210831
0.340781
-0.054317
-0.223458
-0.108795
0.064016
-0.340546
0.431655
0.392421
-0.174975
-0.188787
0.326522
-0.047375
-0.106852
-0.429025
0.194676
0.435740
-0.207940
0.072092
0.290159
0.309225
0.525797
0.155944
0.385825
-0.467713
-0.378681
-0.074705
0.147546
-0.391549
-0.281960
0.472959
-0.003629
-0.376538
-0.075838
0.253678
-0.013855
0.469995
0.408926
-0.085504
0.350331
-0.275178
0.216605
0.189320
0.179609
-0.323643
0.350057
0.035207
-0.281264
-0.388871
0.396795
0.198159
0.125378
0.395398
0.033453
0.213598
0.421889
0.047160
-0.366573
0.122836
0.177717
-0.135796
0.091173
-0.340677
-0.035211
-0.499521
0.409094
0.448200
0.461514
0.307164
-0.132525
0.339848
-0.404903
-0.317715
0.144964
0.375749
-0.111222
-0.073497
-0.256483
-0.121386
-0.094479
-0.260030
-0.219818
-0.349094
0.525012
0.126405
0.246286
0.422412
-0.361470
0.359589
0.037620
0.310057
-0.288480
-0.380853
0.466559
0.174216
-0.386124
0.362455
0.128868
-0.397689
0.195117
0.501516
0.451224
0.286520
-0.330143
0.006831
0.017095
-0.141143
0.314022
0.247362
0.263902
-0.341480
0.263688
0.332175
-0.317550
0.275800
-0.073070
0.414805
0.197415
0.070949
0.271888
-0.269105
-0.120649
0.482577
-0.153281
-0.161960
0.151137
-0.039628
-0.299250
-0.252481
0.005726
0.357413
-0.234872
-0.012855
0.176858
-0.082608
0.480202
-0.291883
0.253566
0.203272
0.283821
-0.097677
0.326091
0.100552
-0.235530
-0.469556
-0.107485
0.203956
0.446748
-0.411049
-0.226072
0.218337
-0.180721
0.149664
0.197567
0.164738
0.489828
-0.133039
-0.342658
-0.251820
0.210431
0.277394
-0.260811
0.556372
-0.196326
0.396338
-0.139265
-0.384020
0.416976
-0.484921
0.315244
0.256169
-0.033455
0.183366
-0.116238
0.242372
0.215490
0.275863
-0.054207
0.162239
0.364486
0.217086
-0.121868
-0.313312
-0.119663
-0.394347
0.388195
-0.091309
-0.016381
0.512221
0.113915
-0.385328
0.203832
0.236202
-0.470661
0.372121
0.010542
-0.171625
0.484764
-0.042918
-0.125078
0.327950
-0.271316
0.347139
0.011992
0.112156
0.089260
-0.272517
-0.111981
-0.464947
0.389952
-0.245871
0.257438
-0.224154
-0.054313
-0.361294
-0.133597
-0.195898
0.012751
0.309771
-0.202869
-0.400272
0.397551
0.483650
0.321408
0.418002
0.352462
-0.163573
-0.246798
0.346010
0.296793
0.128892
0.174058
-0.474563
-0.023970
-0.313950
0.137593
-0.434709
-0.086467
-0.474387
-0.399656
-0.196746
-0.221554
0.355119
0.073851
0.215991
0.483014
0.427503
-0.491883
-0.017228
0.225565
-0.205943
0.074596
0.117172
-0.226849
-0.107363
0.033647
-0.373682
0.229517
0.286815
0.472328
0.026310
-0.084293
0.146386
0.051747
0.391727
0.332425
-0.310730
0.456919
-0.254173
-0.284893
-0.442609
0.049009
-0.007215
0.411989
-0.377154
-0.291158
0.394707
-0.450260
-0.282965
-0.122236
0.275740
0.011122
0.452543
-0.106969
0.284525
-0.154678
0.426825
0.410843
-0.425161
0.213640
0.383166
0.101134
-0.370667
0.029631
-0.346903
-0.478467
-0.136300
-0.155304
0.480723
0.110644
0.060892
-0.459410
-0.338228
-0.446142
0.448648
-0.219696
-0.241567
0.342502
-0.168623
-0.022102
-0.277855
-0.393158
0.488840
-0.325735
-0.000116
0.273145
0.019454
-0.073291
0.184011
0.094214
-0.359571
0.068578
-0.301268
-0.219729
-0.383497
-0.129250
-0.185774
-0.019283
0.219268
-0.195213
-0.389869
-0.196192
-0.135075
-0.219526
-0.159543
-0.219658
0.017554
0.061134
-0.403095
0.332585
-0.466039
-0.183739
0.441021
-0.475853
-0.008715
-0.058611
0.297186
-0.489788
0.366076
-0.021287
0.106947
-0.473979
-0.422738
0.324389
-0.167416
-0.274196
-0.235254
0.190360
0.236176
0.468864
0.468575
0.319909
-0.227472
-0.248783
0.437358
-0.111926
-0.109266
-0.109804
0.433809
-0.014323
-0.267367
0.479317
0.307409
-0.325136
-0.496309
-0.202214
0.110370
0.293782
-0.184617
0.008341
-0.209818
0.364006
-0.019716
-0.135477
0.279052
0.367421
0.102512
0.498420
0.002515
-0.252729
0.371766
-0.162609
0.336855
0.306125
-0.172268
0.143788
-0.331708
0.208319
-0.457373
-0.380406
-0.295129
-0.223616
-0.400573
-0.488769
-0.053346
-0.400364
-0.177635
-0.399605
0.376798
0.041551
0.041628
-0.233816
0.160874
-0.293586
0.158315
-0.109347
0.423524
0.555134
-0.235820
-0.229354
-0.306022
0.342777
-0.165833
0.299727
0.080279
0.137660
-0.039103
0.282168
-0.131899
0.007180
0.400477
0.067511
0.274945
-0.500417
0.069766
-0.257577
-0.418547
0.295904
-0.176998
-0.417303
0.060658
0.359540
-0.306311
-0.514090
0.281836
0.082882
-0.257745
0.173934
0.185900
-0.102840
0.319277
0.209115
-0.316642
-0.322891
0.082143
0.337277
0.357713
-0.445592
0.115647
-0.286116
0.041050
-0.002110
0.255508
-0.158692
-0.002474
-0.158135
0.110357
0.118965
-0.280991
0.230854
-0.062478
0.000462
-0.042240
0.089954
0.222584
0.056123
-0.029513
-0.376232
-0.198675
-0.350266
-0.007576
-0.309885
-0.503757
0.294080
-0.067599
0.091502
0.123944
-0.225934
0.118376
-0.287939
-0.023091
-0.281864
0.282577
-0.126833
0.123706
-0.185550
0.099338
-0.513573
0.133118
0.112866
-0.706259
-0.104116
0.220694
0.248195
-0.136776
0.103398
-0.145466
0.328132
0.195424
0.230425
-0.348594
-0.164498
-0.499160
-0.340349
-0.380348
-0.085192
0.218927
0.205219
0.183624
-0.060724
-0.394475
-0.134615
0.199591
0.317668
-0.017578
-0.412193
-0.575223
-0.413220
-0.216457
-0.440149
-0.140987
-0.055827
0.101053
-0.484962
-0.423860
0.391543
0.071563
0.015024
0.396096
-0.092819
-0.182167
-0.441052
0.230754
-0.194746
-0.300708
0.335326
0.242146
0.523093
0.206140
0.037805
-0.054527
0.173520
0.138112
0.357865
-0.190072
-0.252455
-0.267661
0.142633
0.188038
0.102561
0.079338
0.223398
0.294392
-0.404785
0.231878
0.467280
-0.382151
-0.092781
0.022808
-0.479264
0.304487
0.329124
-0.423706
0.044759
-0.316050
-0.137971
-0.032621
0.410935
-0.193657
-0.402326
-0.122688
0.134138
0.233437
-0.302297
0.277138
-0.189426
0.030581
0.352651
0.187646
0.355012
-0.208533
-0.276981
0.137059
-0.338066
-0.101099
-0.062218
-0.356066
0.019509
0.339097
0.159978
0.047590
0.163791
0.041655
0.170379
-0.288532
0.127355
0.376115
0.135691
0.112864
-0.188693
0.338958
0.605578
0.494512
0.070066
-0.328637
-0.063068
-0.023545
-0.128364
-0.196125
-0.239777
-0.170519
0.157136
0.045229
-0.482558
0.326117
0.443920
-0.048167
0.466468
-0.025861
-0.181176
0.190537
-0.412826
0.470889
-0.319814
0.164853
-0.240253
0.439775
0.293172
0.564390
0.108158
0.446686
0.142523
-0.153012
-0.047497
0.265161
-0.183359
-0.404845
0.030370
0.358956
0.011944
0.361150
-0.266986
-0.331120
-0.096749
-0.252257
0.491761
-0.140223
0.237780
0.537017
0.424172
-0.356383
0.185955
0.408685
0.591822
0.427140
0.215415
-0.044474
0.317027
-0.245597
0.505954
0.330968
0.024493
-0.187168
-0.292593
-0.106220
-0.028752
0.231775
0.131706
-0.425467
0.123784
-0.367122
0.428690
0.352465
-0.207420
-0.162110
-0.371578
-0.116120
0.307869
0.436841
-0.062248
0.160866
0.535352
0.606340
0.107380
0.573620
0.337219
0.420515
0.390883
-0.436657
0.045668
0.229895
-0.424129
0.100058
-0.066056
-0.063636
-0.399275
0.449441
-0.328278
0.208442
-0.487713
0.287700
0.319966
0.431287
0.146399
-0.295753
-0.117671
0.356703
0.085028
0.638362
0.325048
0.443407
0.200617
0.118423
0.165318
0.301355
-0.363487
-0.396808
-0.116397
-0.433377
-0.122503
-0.111428
-0.439453
-0.018344
0.513866
-0.022531
0.388206
-0.421119
-0.087182
-0.451290
0.256859
-0.096343
0.315577
0.132445
-0.084735
0.059937
0.376645
0.288217
-0.030864
-0.108513
0.207097
0.382739
0.357040
-0.468368
-0.363958
-0.061805
0.219373
-0.062142
0.243920
-0.075165
0.039937
0.523363
0.252405
0.028903
-0.050251
0.228998
0.494818
-0.172905
0.275838
-0.123640
-0.152709
0.040156
0.315508
-0.221444
-0.220335
-0.239006
0.241344
0.410166
0.221209
-0.522524
-0.354506
-0.124327
0.239286
-0.360219
-0.024525
-0.354645
0.225222
-0.121753
-0.020248
-0.213510
0.174698
0.418070
-0.264355
-0.105924
-0.061824
0.176966
-0.407683
-0.100899
-0.541752
0.321470
0.293813
-0.116099
-0.002595
0.112512
0.009307
0.009735
0.115090
-0.232820
0.108235
0.113448
-0.112505
0.475997
-0.299869
-0.127885
-0.278584
0.217937
-0.174452
0.201261
0.435309
0.194256
0.410479
0.082411
0.105191
-0.359847
0.449631
-0.489339
0.247401
-0.505787
-0.078008
0.318300
-0.523405
-0.244044
-0.360190
-0.179735
0.219262
0.251042
-0.289676
0.343432
-0.107999
-0.348663
0.162586
0.393987
-0.343532
0.305607
0.525306
-0.398842
-0.128154
-0.245743
0.238102
-0.213620
0.444263
0.145640
0.353968
0.018212
0.227107
0.248982
0.018095
0.091020
0.349310
-0.506120
-0.136239
0.306326
-0.219653
0.210542
0.038598
-0.020165
0.293319
0.458811
-0.060133
-0.288626
0.496514
0.397528
0.282064
0.406491
0.073330
0.232515
0.463745
0.430858
0.485209
0.199765
-0.293359
0.403909
-0.189487
-0.456268
-0.070732
-0.413567
0.314070
-0.514297
0.123216
0.205720
-0.447319
-0.293705
0.333021
0.092588
0.559334
0.046977
0.593949
0.303477
-0.186742
-0.284690
0.190536
-0.383187
-0.495402
-0.076054
-0.499384
0.068618
-0.344064
0.463729
-0.006377
-0.374900
0.136263
0.175943
-0.457396
-0.523142
0.202213
-0.061191
-0.491668
0.062046
-0.039070
0.274033
-0.005806
0.194411
-0.333670
-0.014910
-0.129932
-0.259787
0.386869
-0.257746
0.348894
-0.432851
-0.113006
0.011626
-0.325392
-0.112683
0.435314
-0.324738
0.455119
-0.412966
-0.370563
-0.066495
-0.296344
0.241437
-0.420781
-0.321096
0.142334
0.280056
0.166277
0.337177
0.146205
-0.049734
0.412421
-0.164835
-0.225342
-0.373468
0.299254
0.055956
-0.224404
0.124310
0.263683
-0.388121
0.189720
-0.350409
0.123344
0.364328
0.037277
0.058163
-0.462387
-0.016679
0.131385
-0.368520
0.370534
0.277595
0.365023
-0.479455
-0.410262
0.226735
-0.447910
-0.492546
0.275267
0.302043
0.019399
0.216924
-0.371784
0.259053
0.310201
0.403003
-0.197912
-0.417611
0.027653
-0.434378
-0.305809
-0.282627
-0.284787
0.317535
-0.418373
0.250907
-0.126099
-0.383913
-0.264454
-0.488716
-0.218127
-0.325748
0.387683
-0.231266
-0.198516
-0.412489
-0.411314
-0.093342
-0.370356
0.385963
-0.286794
0.145509
0.098010
-0.164365
-0.097971
-0.092212
-0.261304
0.204119
-0.009823
0.266349
0.269741
0.184368
0.483723
0.484954
0.001904
-0.434576
0.237075
0.378097
-0.313321
0.482013
0.404286
-0.012764
-0.324633
0.312641
0.272770
-0.011156
0.405941
0.366560
0.397631
-0.462815
0.253552
-0.389581
0.182129
-0.148437
-0.053946
-0.415842
0.259351
0.184750
0.288277
-0.250473
-0.048900
0.057756
0.433236
-0.065864
0.041884
-0.065142
-0.000525
-0.220244
-0.186483
0.186461
-0.238151
-0.281970
-0.326206
-0.062671
-0.469493
0.446679
0.426141
0.436621
0.313427
0.323816
0.473751
0.066932
0.434235
0.155881
0.418494
-0.119703
0.240039
0.177796
-0.435378
0.027577
0.426460
0.013653
-0.417636
0.358029
0.447823
0.125130
-0.206574
-0.049235
0.412062
0.116086
-0.357514
-0.324731
0.328673
-0.189672
0.106089
0.357666
-0.242169
0.034316
0.295727
-0.427618
-0.141218
0.270003
0.139313
-0.206975
-0.073671
0.058123
0.171320
-0.338501
-0.274787
0.221543
0.177980
-0.349662
-0.244743
0.298428
-0.436026
-0.233967
-0.021044
-0.115003
0.195629
-0.176003
0.408185
0.262619
-0.025374
0.255417
-0.393272
-0.400958
0.120468
-0.134423
0.134420
-0.082684
-0.061627
0.493190
-0.312210
-0.420928
-0.215913
0.097040
0.089198
0.381538
0.183516
0.270110
0.122172
-0.090713
-0.493022
0.427863
-0.218037
-0.372887
-0.273792
0.202877
-0.075710
0.316593
0.483387
-0.170631
0.129608
-0.008166
-0.421130
0.216649
0.073176
0.194565
-0.418080
-0.292255
-0.387227
0.027472
-0.292740
-0.208732
0.055744
-0.007669
0.498585
-0.144408
0.037886
0.287139
-0.272160
-0.228574
-0.184199
-0.198579
-0.222959
0.125116
-0.037415
-0.003210
-0.223657
0.190632
-0.341808
-0.371095
0.411483
0.182469
0.039406
0.462764
-0.105809
-0.387667
0.157637
-0.013294
-0.177443
0.226280
0.396349
-0.006391
-0.368957
0.126990
-0.452529
0.457483
0.309564
-0.078270
0.106283
0.350000
0.081813
0.329737
-0.301742
0.323726
-0.084209
-0.114644
0.561512
-0.057249
0.399740
-0.463588
-0.094017
0.236505
0.196611
0.443213
0.203462
-0.396100
-0.436600
-0.182674
-0.019369
-0.158219
-0.335793
0.045590
0.368704
-0.235915
-0.303874
0.358597
-0.387275
0.351813
-0.233531
0.254715
0.416621
0.535420
0.313300
0.600715
0.293168
0.582078
-0.140917
0.135004
-0.217675
-0.385909
0.122815
0.180632
0.350377
-0.163886
0.125478
-0.004211
-0.168095
0.140127
0.397592
0.465258
-0.353682
-0.378138
0.043132
0.435634
-0.301880
0.060414
0.213221
-0.205553
0.164725
-0.181639
-0.134343
0.231892
-0.173450
0.587298
0.241137
0.373397
0.378602
0.387534
-0.058239
-0.348499
-0.501262
-0.426152
0.329340
0.293326
-0.182959
-0.036411
-0.069348
0.329706
-0.262509
-0.123826
0.264077
-0.221498
-0.161047
-0.300865
-0.481854
-0.072143
-0.497151
-0.387328
0.520193
0.299433
-0.140386
-0.158288
-0.025233
-0.025765
-0.336704
0.488301
-0.220037
-0.467984
0.369391
0.226344
-0.311269
0.329238
0.221830
-0.454368
0.279069
-0.237371
0.065396
-0.267833
0.541789
0.263650
-0.071739
0.067530
0.145267
0.079291
-0.487350
-0.458693
-0.157867
-0.374975
-0.406957
-0.126939
0.445236
-0.146367
0.064199
-0.240587
0.284118
0.218009
-0.259189
-0.429856
0.255690
-0.400759
0.249076
0.431445
-0.411898
0.175799
0.562040
0.423315
0.470931
0.211292
0.423733
0.175406
-0.439688
-0.335536
-0.125173
-0.542208
-0.492274
0.004166
-0.509295
-0.070442
0.286162
-0.342068
0.307583
0.165602
-0.006386
-0.134690
0.418125
-0.215995
-0.400785
-0.344866
-0.163718
0.362343
-0.084577
-0.205034
0.484620
0.132215
0.570652
0.617147
-0.261465
0.086959
-0.176807
0.318979
-0.320804
-0.184697
-0.433282
0.095459
-0.124585
-0.233979
-0.113078
0.063285
0.304545
-0.334097
0.217455
0.109194
0.324251
-0.285407
0.474932
0.220365
-0.023211
-0.364812
0.537626
0.488886
0.674530
0.117049
0.828309
0.550446
0.251680
0.328745
0.115740
0.089645
-0.288538
0.207027
-0.200626
-0.207017
-0.279323
0.135209
-0.285417
0.322823
-0.458100
0.117548
-0.108177
0.345547
0.276365
-0.387653
-0.063912
0.040137
-0.237253
-0.057866
-0.074946
0.389691
0.188894
0.099345
0.456833
0.208020
0.204871
0.246620
-0.210899
-0.358024
-0.128603
0.152748
-0.007539
-0.026622
0.050654
-0.444650
-0.463524
0.476976
0.324062
-0.222791
0.310526
0.368387
0.395212
-0.284654
0.185096
0.076539
-0.290488
-0.445965
-0.292527
0.081789
0.154270
0.269822
0.149553
-0.139567
0.599720
-0.287095
0.134309
0.005815
0.246852
0.264535
-0.021977
-0.410728
0.032456
-0.341318
0.249896
-0.261533
-0.176400
0.321938
-0.268868
-0.346839
-0.391998
-0.434623
-0.516571
0.373022
-0.401312
-0.003826
-0.075350
-0.166688
0.238796
0.402648
-0.210089
0.182361
0.240135
0.240047
0.208055
0.099057
0.270883
-0.212899
-0.434309
0.038417
-0.434403
0.124847
0.250484
0.196648
0.379944
0.046409
0.457430
-0.288370
-0.110106
-0.268141
-0.143007
-0.088512
-0.397718
-0.386620
-0.315425
-0.306325
-0.632235
-0.489217
-0.474466
-0.363879
-0.243327
-0.101504
0.143764
0.264656
0.396495
-0.238747
-0.180678
0.162074
-0.019223
-0.108054
-0.222338
0.120464
-0.388641
-0.417461
-0.159855
0.502686
0.162164
-0.138961
-0.252759
0.515415
-0.040414
-0.099403
-0.218301
-0.048383
0.136962
0.204918
-0.390749
-0.383543
-0.276619
-0.073758
-0.260286
-0.259840
0.010484
0.155066
0.368449
-0.167098
0.311969
-0.317964
-0.441382
-0.137014
0.164001
-0.114474
0.498502
0.286359
0.004629
-0.089279
0.345386
-0.275835
0.246836
0.487807
-0.413326
-0.485730
-0.116877
-0.088256
0.197138
-0.028069
0.065992
-0.267296
0.188766
0.149882
-0.137546
0.126281
0.193234
0.196694
-0.333744
0.065221
-0.414753
-0.468529
0.325002
-0.321726
-0.095826
-0.001858
0.102645
-0.029852
-0.127529
-0.261485
0.464475
-0.235728
-0.222853
-0.100916
-0.479371
-0.319520
-0.076317
0.061780
0.354479
-0.005919
-0.289247
-0.070244
-0.003478
0.108041
0.305201
0.118198
-0.407691
-0.003988
-0.159693
-0.209125
-0.375870
-0.046822
-0.169518
0.455164
0.161167
0.289917
0.054939
-0.087543
-0.069741
0.461007
-0.100233
0.402538
0.234071
-0.155029
-0.257954
0.279743
0.133616
0.374889
-0.014702
0.009466
-0.288920
-0.100109
0.141299
-0.042117
0.345865
-0.075294
-0.428076
0.470485
0.477813
-0.063642
-0.233560
-0.394847
0.406577
0.135573
-0.362842
0.181577
0.088595
0.254984
0.399635
0.072910
-0.247314
0.451632
-0.131294
0.463889
-0.109137
0.250523
0.353850
0.477949
-0.080318
-0.417934
-0.226413
-0.068642
-0.161184
0.364221
0.384720
-0.279523
-0.164941
0.475385
-0.306769
-0.184732
-0.077089
-0.013053
-0.035393
-0.100769
-0.267484
0.149955
0.457950
-0.014682
0.497692
0.059656
0.355769
-0.291244
0.081363
-0.184616
-0.332963
0.261317
0.262776
0.267647
0.137781
-0.367530
0.308900
0.399262
0.078651
-0.325024
0.290924
-0.023925
-0.104117
-0.373154
-0.042571
0.101686
-0.035616
0.407644
-0.368743
0.472490
-0.152028
-0.195111
-0.061170
0.577601
0.090447
-0.112347
0.154180
-0.035790
0.031108
-0.400035
0.088066
0.028551
0.289286
-0.156855
-0.178035
-0.051484
-0.012964
-0.356834
-0.140216
-0.428572
-0.181702
-0.348927
0.048276
0.214574
-0.225710
0.490347
-0.209685
0.175977
0.309215
-0.198071
0.010254
-0.532507
-0.118153
0.323453
-0.516259
0.421329
-0.356664
0.018938
-0.210459
0.083993
0.039932
0.347319
-0.382770
-0.167992
-0.308327
-0.060932
0.282721
0.180450
0.082992
-0.357495
0.251925
0.400923
-0.206705
-0.203875
0.108844
0.057934
-0.213485
0.408683
-0.233543
-0.357581
-0.258625
0.316708
-0.342297
0.201071
0.221080
-0.316483
0.175758
0.403381
0.235451
0.485651
0.002964
-0.218617
0.336166
0.119308
0.113461
-0.471774
-0.441243
-0.103818
0.208676
0.141749
0.038681
-0.039847
0.042316
0.330723
0.258044
-0.343569
-0.100506
-0.444895
-0.428052
0.180528
-0.287355
-0.154220
0.039493
-0.097065
-0.421533
-0.215372
0.105554
0.266484
-0.303368
-0.156729
0.253789
0.199773
0.124795
0.089973
-0.180919
-0.261744
0.118198
-0.122162
0.134438
-0.173126
-0.480413
-0.326876
0.287428
0.062626
-0.494978
0.047364
0.221400
-0.092882
0.105909
0.298968
-0.405729
0.324400
-0.351551
0.136750
-0.269861
-0.270109
0.423659
0.335822
0.496508
-0.379682
-0.320908
0.250297
0.320091
0.303887
-0.159731
-0.360829
-0.457857
0.458467
0.017009
0.176580
-0.214660
0.036595
0.349701
-0.426759
-0.400305
0.356195
0.121551
0.321561
-0.238427
-0.274229
0.119057
-0.144150
-0.449824
0.267503
0.492596
-0.219685
0.497398
0.416258
-0.383864
0.493906
-0.463424
-0.204772
0.244202
0.356667
-0.400886
-0.415530
0.495830
-0.359478
-0.457912
0.012208
0.317122
-0.171699
-0.447998
0.171153
-0.095536
-0.350503
0.020634
-0.479881
0.468005
0.283071
-0.252994
0.088075
-0.360304
-0.202864
-0.144413
-0.367700
0.077451
-0.147015
-0.451441
0.193587
-0.153109
-0.414866
0.488330
-0.409800
0.439260
-0.415461
-0.328026
0.437667
-0.264416
-0.256793
-0.002903
-0.389730
0.110541
0.048014
0.226745
0.439874
0.135671
-0.269578
0.467927
0.117475
-0.479015
-0.284021
-0.294301
-0.339603
0.013113
0.061286
-0.207310
-0.409443
0.414262
-0.158953
0.281858
-0.245272
-0.088458
0.242615
-0.181668
-0.156791
0.356926
0.035066
-0.159443
-0.360487
0.300865
0.303071
-0.334047
-0.217427
-0.256556
0.350795
-0.255184
0.409374
-0.409520
-0.289952
0.022471
-0.390766
-0.074068
0.228161
-0.230369
0.439038
-0.210418
0.061100
-0.477267
-0.312419
0.362618
0.251260
-0.094695
-0.214796
0.062505
0.297584
0.184360
-0.048339
-0.136101
-0.471145
0.050757
-0.421846
0.240706
0.171422
-0.112601
-0.478161
0.030455
0.126816
0.421621
0.115158
0.335268
-0.056133
0.224276
-0.238861
-0.328075
0.491034
-0.310692
-0.070031
-0.007241
-0.351222
0.093180
-0.087684
-0.471231
-0.382938
0.274587
0.120635
0.438859
-0.027453
-0.446950
-0.276190
-0.064530
0.077359
-0.127775
-0.246522
-0.205532
0.269997
-0.230649
0.317149
-0.106848
-0.309749
-0.067941
-0.271831
0.132771
-0.347834
-0.027720
0.262066
-0.426019
0.090903
-0.309580
0.150240
0.386376
0.398291
-0.372507
0.431925
-0.466704
0.393705
0.026139
-0.608129
-0.159708
0.093493
-0.227136
0.428282
-0.211714
0.187967
-0.310494
0.078006
-0.046490
-0.042690
-0.105201
0.345807
0.144332
0.319464
-0.442397
-0.263488
0.405630
-0.019510
-0.455104
-0.370410
-0.234907
-0.145704
0.348233
-0.288766
-0.196516
-0.504222
-0.434990
-0.286552
0.342281
0.140404
-0.170697
-0.102931
-0.097459
0.165697
-0.155749
0.190487
-0.150773
0.031724
-0.232380
0.301526
0.484428
0.153812
0.132480
0.098743
-0.070571
0.170241
0.403481
-0.021317
-0.194081
-0.456571
0.169731
0.140496
-0.074488
-0.037087
0.125694
-0.007259
-0.174856
0.267229
-0.528382
-0.092115
0.085522
-0.135576
0.324315
0.488471
-0.474141
-0.333397
0.178021
-0.125805
0.194573
0.438516
-0.334172
0.164732
0.077887
0.306543
-0.156746
-0.379977
0.068252
-0.219253
0.161536
0.479509
-0.155870
-0.330586
-0.227187
-0.058215
-0.004170
-0.469220
-0.257378
-0.426624
0.455064
-0.237604
-0.005811
0.040517
0.123472
-0.183115
0.028625
0.148971
-0.018201
-0.295243
-0.479425
-0.324852
-0.350784
-0.295097
0.385754
0.265174
-0.484940
-0.283473
0.447667
0.221402
0.002922
-0.116158
-0.206155
0.018014
-0.001575
0.253860
-0.216797
-0.271199
0.402388
0.054899
-0.191558
0.358035
0.315163
0.301318
-0.102156
-0.061769
-0.382810
0.425733
-0.412827
0.099559
-0.369734
-0.388072
0.281670
-0.245952
-0.263526
0.136668
-0.377334
-0.043412
0.369539
0.334644
0.275535
-0.366477
-0.243498
-0.189880
0.456858
0.439209
-0.356400
-0.239496
-0.328107
-0.453445
0.313877
-0.020733
0.403609
0.128840
-0.219441
-0.198066
-0.433046
-0.102519
-0.275647
-0.348950
-0.522838
-0.213036
-0.348679
0.249643
0.210550
0.152425
-0.064519
0.101343
0.260431
-0.336938
0.042160
0.316552
0.056867
0.429710
-0.317555
0.030356
0.373251
-0.173635
0.290344
-0.455301
-0.127576
0.104037
0.023759
-0.223612
-0.267103
0.302949
0.073820
-0.210487
-0.333733
0.201780
-0.171985
-0.326512
-0.275651
0.256872
0.466904
0.204255
-0.353179
-0.186775
-0.046665
-0.300692
0.200222
-0.398443
-0.438493
-0.227516
-0.464598
-0.255024
0.303242
0.408659
0.071282
0.093532
0.453132
0.443300
-0.303117
-0.024979
-0.285369
-0.082049
-0.259656
0.195367
0.118952
-0.043814
0.142315
-0.275990
0.176382
0.161952
0.271582
0.070293
0.020658
-0.324229
-0.407478
-0.417167
-0.076832
0.308975
-0.310477
-0.013009
-0.417402
-0.274377
0.232569
0.385315
-0.366759
-0.197340
-0.022869
-0.415488
-0.257119
0.162853
0.024372
-0.113751
-0.477739
0.318744
-0.190024
0.372940
-0.177144
0.289598
-0.551817
-0.577573
0.058182
0.388748
0.179258
-0.291296
-0.370912
0.295245
-0.197246
0.059968
0.109190
-0.005373
-0.450804
0.191415
0.217130
0.278253
0.076088
0.351611
-0.418444
-0.454600
0.408404
-0.236146
0.155617
-0.009423
0.335910
0.383347
-0.143731
-0.458296
0.127041
0.089672
0.348088
0.156111
0.179260
0.053512
0.126232
-0.102834
0.281879
0.271546
-0.295683
-0.410108
-0.165239
0.312252
0.079251
-0.120865
0.001063
-0.201086
-0.339020
-0.425482
-0.374407
-0.314650
-0.431781
-0.409964
0.113881
0.426505
0.125907
-0.112830
0.203728
0.377917
-0.119984
-0.144233
0.119485
-0.136300
-0.401462
-0.151986
0.447643
0.245090
0.260274
0.235073
0.018944
0.462287
0.317313
0.343698
0.267619
-0.101268
-0.270121
-0.227978
0.181718
-0.152872
-0.187824
0.358084
0.168552
0.057760
0.474495
-0.231577
-0.092444
0.027924
0.077567
-0.426713
0.013982
-0.447343
0.001281
-0.311535
-0.044220
0.121705
0.049980
-0.094539
-0.132475
-0.192902
-0.367589
0.372217
-0.242004
0.445106
0.221986
-0.454538
-0.136261
0.437990
-0.190480
-0.428180
-0.121230
0.219969
0.448049
-0.413396
-0.228741
0.426945
-0.231406
0.103904
0.000121
0.380607
0.211894
-0.437913
0.476011
-0.259722
-0.237782
-0.067648
0.361789
0.309684
0.329572
-0.285005
-0.395909
0.448472
-0.412449
-0.121001
0.418540
0.315387
-0.081809
-0.215538
0.290593
0.260982
-0.102749
-0.229935
0.062354
-0.107949
-0.232127
0.228316
-0.203482
0.015575
-0.171961
0.323488
-0.063178
-0.429538
0.397932
-0.085950
-0.189826
-0.341021
0.340174
-0.339875
0.449222
0.149618
-0.133341
-0.436870
0.128854
-0.020379
-0.060447
0.031227
-0.185534
0.397450
0.426326
-0.219345
0.305352
-0.125073
-0.042458
-0.244673
0.201804
0.174452
0.455170
-0.490007
-0.277314
-0.193127
0.343306
0.161144
-0.123052
0.240790
-0.427263
0.179474
0.384736
0.391035
0.310480
0.301240
0.011680
-0.338534
0.356041
-0.355953
0.164401
-0.116584
0.344011
-0.319365
-0.075548
0.290756
-0.145905
-0.376330
-0.375907
0.291964
-0.132859
0.335842
-0.014102
-0.165245
0.350663
0.210148
0.141419
0.193808
-0.129402
-0.483833
-0.068867
-0.063507
0.183982
-0.203197
-0.184942
-0.004758
-0.376964
0.361376
0.226080
-0.373827
-0.261186
0.128633
0.155757
-0.385731
0.257320
-0.464023
0.415077
-0.373889
-0.328240
-0.450048
0.425404
0.044223
0.388080
-0.087603
0.378767
0.238617
-0.377610
0.019811
-0.070107
-0.011189
0.025606
0.343454
0.405728
-0.302444
-0.359839
-0.267075
0.241958
-0.097843
-0.191135
0.166633
0.108698
0.022633
-0.259960
-0.270455
0.141761
-0.498430
-0.231712
0.058668
-0.370863
-0.058504
0.109117
-0.445002
0.485679
-0.002804
-0.032606
0.364261
-0.264631
0.088021
-0.119145
0.158941
-0.431337
0.399835
0.008084
-0.507923
-0.360800
0.220018
-0.177934
0.470763
-0.346405
0.114206
0.111466
0.248824
-0.360654
0.352026
0.478507
0.280951
0.353433
-0.253200
-0.160377
0.482576
0.188296
0.448740
-0.462426
0.173976
-0.054105
0.004897
0.038300
0.181626
-0.405488
0.422398
-0.150872
-0.323844
0.343610
0.384629
-0.297432
-0.486623
0.128083
0.035048
0.489546
0.283774
-0.349906
0.101144
0.032608
-0.210551
-0.046816
0.011119
-0.429597
-0.193379
0.257918
-0.089974
-0.210803
-0.053785
-0.141234
-0.173229
-0.379810
0.304702
0.331739
0.158612
-0.013423
0.426833
0.081774
0.337315
-0.394457
-0.072171
0.224203
-0.191883
-0.058572
-0.147606
0.343408
-0.068784
-0.363604
0.493500
-0.467640
0.169004
-0.217051
-0.014456
-0.319877
-0.146649
0.292164
0.438041
0.263377
-0.419171
-0.117011
-0.381198
-0.097923
-0.003160
0.418115
-0.267495
-0.341771
-0.089487
-0.334536
0.243664
-0.249818
-0.228161
-0.327739
0.474345
0.079701
0.113820
-0.173109
-0.076625
-0.454720
-0.036482
-0.083125
-0.422360
-0.367478
0.199818
0.063199
-0.187351
-0.446501
-0.145085
-0.252520
0.301291
-0.090066
0.090127
0.384657
0.299498
-0.393305
0.338426
-0.436641
-0.216759
-0.235555
-0.260471
-0.460909
0.024728
0.019853
-0.282036
0.003283
-0.396936
0.333873
0.331336
0.026423
0.379153
-0.205146
0.443295
0.456783
-0.073342
0.143002
0.019380
0.227272
0.163090
0.319227
0.411881
-0.061247
-0.243884
0.079255
-0.094480
-0.401548
0.169031
-0.279017
-0.324678
-0.468962
0.080902
-0.013964
-0.389996
-0.377931
-0.484425
-0.165933
0.129483
-0.381052
-0.331654
-0.038902
0.145595
-0.451438
0.260261
0.102349
-0.466903
-0.292747
-0.258415
0.040011
0.449321
0.455662
-0.091079
0.402267
-0.093438
0.114670
-0.113721
0.184112
0.121923
-0.351318
-0.382457
-0.428754
-0.163980
0.277630
0.094030
-0.012452
0.431065
0.118812
0.321360
0.060795
0.237548
0.491296
-0.467527
-0.091655
-0.425761
0.301453
0.460787
-0.380503
0.483457
-0.274568
0.056607
0.331618
-0.426286
0.324864
0.102035
-0.187160
-0.130619
-0.429697
-0.268194
-0.086512
0.036949
0.101186
0.119168
-0.487630
-0.020276
-0.241512
0.002006
-0.088891
0.376529
-0.174438
0.482892
0.132330
-0.154005
0.487977
0.481104
-0.097429
0.272339
0.454695
-0.029433
0.326448
-0.172727
0.590902
0.238552
-0.178373
0.295788
-0.235999
0.141885
-0.031619
0.126034
-0.254912
-0.404456
-0.115868
-0.486845
0.300721
-0.087269
-0.001488
-0.438201
0.420602
0.420357
0.453886
-0.229916
0.375069
0.055925
0.107590
0.344204
0.131457
0.523159
0.313887
0.283754
0.117192
0.222725
0.410109
-0.171649
0.466312
0.392268
-0.398983
-0.159339
0.278599
0.199455
-0.361061
-0.290361
0.419297
0.067292
-0.261406
0.227910
0.496750
0.266976
0.307745
0.437273
0.170817
0.219944
-0.280959
0.095990
-0.107303
0.273901
0.095706
0.560146
0.446105
-0.019275
0.185233
0.522329
0.042346
-0.407701
-0.364923
-0.085534
-0.536017
-0.273620
0.296994
0.392261
-0.419395
-0.485646
-0.369359
-0.486976
0.103818
-0.087477
0.273507
0.113398
-0.350097
0.022844
0.026171
0.322126
-0.216021
0.118015
-0.149202
0.153909
0.125942
0.532304
0.153798
0.535797
0.380735
0.280404
0.295417
-0.314770
0.148315
0.308671
0.037359
0.197654
-0.317086
-0.074137
0.125320
-0.219060
-0.033069
0.306816
-0.174932
-0.421927
-0.357710
0.427207
0.109691
-0.251382
-0.000960
-0.483373
0.385590
0.216371
0.316439
0.055032
0.043121
0.613982
0.651739
0.238680
0.379846
0.195329
-0.317851
-0.013695
0.261448
0.336401
-0.108969
-0.138143
0.056540
0.089743
0.306874
-0.280332
0.353419
-0.276729
0.351821
-0.439292
-0.223354
-0.429692
-0.388354
0.189773
-0.359123
-0.030001
0.418459
-0.050678
0.063647
0.219643
0.245605
0.238669
0.059455
-0.033617
-0.438339
-0.325164
0.486064
-0.323934
0.196471
0.269343
-0.481043
-0.401689
-0.354546
0.095102
0.129306
0.327950
0.112508
-0.094397
-0.350202
0.138214
0.040541
-0.279214
0.062905
0.119186
-0.234111
0.612384
0.019219
-0.189158
-0.055500
0.240537
0.160147
0.181820
-0.374405
-0.498979
-0.487687
-0.367597
-0.305759
-0.499848
-0.191719
0.395124
0.274044
-0.166225
0.398356
0.269421
0.216720
0.002123
0.258284
0.148868
-0.356290
0.370422
-0.226847
0.276918
-0.045137
-0.295451
0.122519
0.208806
-0.280772
0.352148
0.139641
-0.343097
-0.144253
-0.258075
0.339295
0.010343
-0.205130
0.356167
0.140248
-0.008393
0.356449
0.441024
-0.212302
-0.039375
-0.405792
-0.268593
-0.019917
-0.322031
-0.455182
-0.125532
0.338393
-0.225090
-0.046397
-0.218776
0.536054
0.311522
-0.091639
0.011481
-0.282273
-0.423252
-0.369257
0.372313
-0.170586
0.091117
-0.286374
-0.316584
-0.401516
0.009476
-0.455271
0.233174
0.402196
0.177084
-0.017275
-0.216480
-0.010468
0.407060
0.230020
-0.368942
-0.273861
0.308162
0.019383
0.506729
0.547289
0.377906
-0.197205
0.433687
-0.168093
-0.382808
-0.344098
0.057553
-0.182779
-0.072042
0.052618
0.166395
-0.485470
0.268224
0.362849
-0.376018
-0.299361
0.180251
0.156255
-0.307985
0.223734
-0.002229
0.142384
-0.109760
0.070505
-0.031042
-0.013339
0.237339
-0.219705
0.310009
0.226290
-0.345730
-0.123092
0.000090
0.271510
0.265635
0.258317
-0.415112
-0.052457
-0.405598
0.006828
0.504499
0.289568
0.062263
0.238518
-0.038662
-0.024129
-0.515743
-0.045790
-0.063014
-0.232346
-0.229910
-0.448971
0.454634
0.171022
0.061919
-0.108611
0.400730
-0.239205
0.031428
0.082476
0.087628
-0.068154
-0.388746
-0.250135
-0.144765
0.486108
-0.478936
-0.065306
-0.058887
-0.340075
0.506820
-0.015594
0.313421
-0.142949
-0.343378
-0.042659
-0.456362
-0.396095
0.325732
-0.025925
-0.019341
-0.216403
0.021209
-0.045341
0.278301
-0.254060
0.378159
0.182695
-0.302333
-0.210958
-0.015674
0.426933
0.336388
0.183465
-0.313987
-0.310406
0.178103
-0.239025
0.230829
-0.274677
-0.113278
0.025299
-0.050947
-0.386509
-0.624820
-0.037679
-0.088032
-0.532406
0.237686
0.047434
0.081606
-0.088634
0.338637
-0.100828
-0.470789
0.154797
-0.122710
0.343407
0.109884
0.195204
-0.279222
-0.341403
0.129665
-0.443307
0.351839
0.372023
-0.131339
0.173992
-0.279102
0.395265
0.058236
-0.215077
-0.188020
-0.585762
-0.201728
-0.211207
0.165848
-0.317397
-0.001286
0.222403
0.357732
-0.119633
-0.176553
0.201463
0.068670
-0.135359
0.149981
-0.449102
-0.236212
-0.205537
0.246076
-0.016045
-0.039141
-0.075028
0.152763
-0.033949
-0.066098
0.411570
0.355648
-0.234958
0.129209
-0.201580
-0.063685
-0.461804
-0.022264
-0.397928
-0.022975
-0.118387
-0.156216
-0.304425
-0.332067
-0.390118
-0.089489
0.105370
-0.424382
-0.452977
0.488521
0.236029
-0.408003
-0.247257
-0.464859
0.367152
0.311193
0.127541
-0.053550
0.005370
0.457852
0.094337
-0.315034
0.105714
0.132545
0.229583
0.451533
-0.288345
0.277830
0.042112
-0.191383
-0.196870
0.278411
0.037407
-0.013743
-0.263170
0.343255
0.444180
0.341728
0.415115
0.486981
0.331572
0.153356
-0.405649
-0.376769
0.256291
0.539771
0.478204
-0.076734
-0.059280
-0.171709
0.576188
0.201544
-0.184717
0.107402
-0.247667
0.370889
0.007113
-0.242034
0.039616
-0.505189
0.075382
-0.448727
-0.449775
-0.271447
0.061611
-0.228734
-0.438766
0.004017
-0.385922
0.476925
-0.004855
0.458961
0.158510
0.122106
-0.365787
-0.045064
0.181687
0.547979
0.123173
0.264536
0.578253
0.038831
-0.233090
-0.331265
0.433194
-0.192052
0.460858
-0.039646
0.142160
0.176463
0.034135
-0.240200
0.226674
0.067136
-0.022864
-0.212418
0.338399
0.038572
0.291975
0.456160
0.028331
-0.187755
0.454085
-0.258485
0.478744
0.569172
0.115813
0.024974
0.446251
0.581092
0.589404
0.370942
0.007388
-0.249912
0.405527
-0.168496
-0.056843
0.325767
0.248946
-0.434365
-0.013254
-0.229110
-0.182103
-0.287014
0.337615
0.295033
0.000559
0.177792
-0.162469
-0.196238
0.149723
0.380185
0.114726
0.069406
0.552860
0.000446
0.048269
0.047665
0.377335
-0.153452
-0.027726
0.293032
0.495718
0.230733
0.347623
0.293573
0.494456
-0.243353
0.101319
0.235904
-0.181035
-0.412190
-0.493409
0.136862
-0.199204
0.344207
-0.067872
0.302627
0.022578
0.269417
-0.400181
-0.343465
0.122861
0.177800
0.190168
0.122807
-0.383752
-0.352801
-0.439647
0.371964
-0.132075
-0.085371
0.087729
-0.180868
-0.379087
-0.077459
-0.393962
-0.386752
0.178695
0.568456
0.710287
0.858794
0.656266
0.716878
0.495656
-0.042938
0.561085
-0.072448
0.758426
-0.089477
0.469276
0.548180
-0.128052
0.137706
0.066478
-0.206944
-0.329050
0.298292
0.045115
-0.009146
0.037180
-0.050045
0.005432
-0.131059
0.681995
0.051805
0.198830
0.579565
-0.184931
0.389492
-0.127973
0.384030
-0.180667
-0.400351
0.247080
0.294878
-0.626290
-0.333563
0.122071
0.178745
-0.194511
0.292833
-0.033541
-0.326949
-0.026462
-0.383528
0.248152
-0.105538
0.442901
-0.133636
-0.130775
-0.089503
-0.015909
0.655217
-0.312941
0.323932
0.021159
-0.152319
-0.301009
-0.066908
0.376847
0.292990
0.363178
0.173887
-0.021244
-0.180761
0.487613
0.218318
-0.245832
0.280419
0.049001
0.414331
0.191486
0.293531
-0.256631
0.122096
0.092197
-0.150043
-0.767177
-0.111012
0.014097
-0.019738
-0.158822
0.358770
0.395073
-0.555429
-0.492712
-0.090846
0.471876
-0.321773
0.015471
0.408127
-0.106967
-0.050041
0.067959
0.249762
0.063910
-0.007654
-0.015941
-0.448295
-0.151292
0.013061
-0.472357
0.332474
-0.214854
0.104595
-0.138397
-0.302344
0.402546
0.057146
-0.456371
-0.254004
-0.214200
-0.113719
-0.467163
0.443340
-0.088536
-0.338271
-0.343923
